181.89,177.55,119.22,44.54,150.58,1,3,9,38,RURAL
314.83,239.05,120.47,268.28,259.54,2,19,3,426,RURAL
304.10,103.39,280.04,24.80,13.93,3,7,8,71,URBANO
265.02,312.76,55.68,263.17,315.82,4,33,5,408,RURAL
117.54,11.27,175.17,211.36,288.36,5,30,2,284,URBANO
201.86,116.93,101.05,287.78,205.48,6,32,7,21,URBANO
327.51,97.02,68.89,311.15,253.30,7,12,5,487,URBANO
258.26,218.60,72.94,270.01,29.72,8,2,10,132,URBANO
313.81,218.22,39.68,63.46,235.52,9,7,10,273,RURAL
112.67,260.26,22.17,108.31,31.40,10,22,5,72,RURAL
44.07,74.19,241.14,273.31,15.64,11,34,10,493,URBANO
273.38,325.61,63.27,234.95,324.68,12,4,1,461,RURAL
32.38,263.38,316.21,116.70,237.24,13,2,7,402,RURAL
42.20,30.26,302.20,167.29,76.41,14,33,9,384,RURAL
76.53,133.52,35.72,104.60,38.95,15,9,9,50,RURAL
138.15,313.47,119.89,189.20,127.97,16,33,8,17,URBANO
42.64,67.87,166.05,309.73,225.00,17,7,5,379,URBANO
218.86,271.50,45.18,59.23,251.59,18,2,7,239,RURAL
149.92,202.12,83.33,259.33,55.45,19,35,3,237,RURAL
152.16,241.02,59.08,196.38,2.85,20,29,7,171,URBANO
139.34,124.10,217.92,26.84,280.26,21,8,6,348,RURAL
253.34,8.05,22.60,132.19,206.60,22,28,2,349,URBANO
202.51,184.45,149.05,64.26,213.05,23,30,3,376,URBANO
156.58,101.06,259.55,254.57,189.45,24,1,5,481,RURAL
173.16,247.23,30.63,246.40,292.43,25,7,10,177,RURAL
57.06,282.76,226.07,5.35,213.73,26,7,10,389,URBANO
222.40,1.74,157.47,262.75,201.16,27,23,1,214,RURAL
153.42,297.33,211.28,53.22,64.43,28,2,5,321,RURAL
303.71,4.01,72.12,1.48,295.87,29,27,1,101,URBANO
0.95,117.42,111.22,79.68,281.04,30,2,9,348,URBANO
171.97,23.69,127.92,122.21,268.95,31,30,5,403,RURAL
26.84,227.75,26.93,151.36,217.72,32,6,10,61,RURAL
280.40,91.98,320.01,147.45,185.47,33,9,10,405,RURAL
242.81,209.96,314.22,154.06,85.40,34,4,4,102,RURAL
214.91,264.35,54.09,215.04,296.14,35,15,3,212,URBANO
15.20,186.05,174.65,82.00,316.01,36,1,6,267,URBANO
14.14,173.77,204.15,69.67,295.53,37,27,2,377,RURAL
298.59,1.83,198.69,235.82,186.07,38,34,2,100,URBANO
314.19,154.62,270.58,192.98,121.31,39,8,3,70,URBANO
141.80,161.37,98.01,192.17,177.29,40,35,10,357,URBANO
262.34,303.72,188.33,325.95,230.88,41,8,7,271,RURAL
96.49,127.17,172.53,279.36,228.48,42,0,9,406,RURAL
71.30,212.44,63.97,43.56,237.06,43,16,2,461,URBANO
253.01,92.49,156.79,101.83,175.11,44,33,7,453,URBANO
119.67,140.70,208.82,133.76,56.32,45,29,9,455,RURAL
312.35,136.82,183.34,9.89,169.33,46,5,4,149,RURAL
168.72,213.93,314.03,46.82,158.59,47,24,2,410,URBANO
182.49,71.57,17.78,263.59,204.92,48,30,8,308,RURAL
295.06,135.33,182.11,75.46,250.32,49,35,9,245,RURAL
276.28,232.00,55.11,153.20,232.70,50,8,1,87,RURAL
59.97,102.00,58.05,56.79,128.80,51,8,9,294,RURAL
51.68,138.94,223.11,161.80,212.56,52,18,8,54,URBANO
20.07,196.31,93.45,242.07,269.14,53,17,10,131,RURAL
96.19,177.45,283.73,2.76,57.71,54,0,4,263,URBANO
150.68,201.71,300.63,206.97,189.61,55,4,7,37,URBANO
225.37,129.65,65.20,288.24,206.32,56,29,8,463,URBANO
173.56,23.86,290.77,256.96,319.42,57,28,2,283,RURAL
45.37,196.67,106.84,181.65,284.02,58,26,8,0,RURAL
165.80,97.40,46.85,59.94,316.45,59,14,9,197,RURAL
277.20,196.57,134.28,122.38,131.39,60,21,7,190,URBANO
140.13,219.53,151.16,247.12,287.15,61,14,6,25,RURAL
255.32,295.96,312.82,287.78,154.61,62,14,4,132,URBANO
307.87,277.92,174.82,266.48,233.31,63,3,10,94,URBANO
88.21,177.00,46.14,236.31,149.37,64,19,2,133,URBANO
4.25,168.50,4.25,28.42,93.23,65,3,2,1,URBANO
314.50,198.39,67.69,279.78,280.10,66,8,3,459,URBANO
178.53,6.38,125.41,149.75,311.37,67,10,7,53,RURAL
139.76,65.82,43.77,97.07,63.49,68,1,9,414,RURAL
185.01,323.09,219.77,160.17,11.26,69,10,6,0,URBANO
175.92,266.54,140.13,207.33,212.12,70,32,2,164,RURAL
101.89,108.35,76.30,195.08,202.59,71,24,7,445,RURAL
191.55,89.95,257.22,14.17,70.44,72,4,7,348,URBANO
283.02,296.30,49.99,168.99,302.49,73,34,1,267,RURAL
8.04,24.65,164.86,262.05,297.53,74,3,2,406,RURAL
149.70,202.97,131.53,239.64,215.83,75,7,6,460,RURAL
287.51,25.62,89.59,115.69,268.77,76,20,4,316,RURAL
57.96,66.29,292.32,219.11,14.22,77,22,6,147,URBANO
64.24,229.52,30.87,12.46,82.53,78,27,4,149,URBANO
196.28,53.68,18.72,48.61,120.64,79,4,6,74,URBANO
3.47,185.51,33.05,213.21,121.78,80,21,6,281,RURAL
48.20,288.12,238.64,218.16,194.94,81,32,6,448,URBANO
171.54,185.57,243.67,109.87,116.94,82,12,5,0,RURAL
235.19,133.72,0.31,281.16,58.73,83,31,9,245,URBANO
206.89,112.67,190.77,320.30,219.99,84,22,2,288,URBANO
163.73,166.43,185.57,14.18,231.26,85,35,1,488,URBANO
241.29,185.73,206.94,85.94,83.11,86,5,6,424,URBANO
25.84,269.69,264.75,47.12,214.36,87,4,1,356,RURAL
293.71,29.68,102.64,114.28,4.49,88,17,1,167,URBANO
317.35,26.32,299.96,243.47,96.63,89,35,8,181,RURAL
92.01,117.99,86.28,116.19,99.78,90,10,6,149,URBANO
251.12,305.55,159.72,198.70,319.05,91,34,10,55,RURAL
87.57,97.14,48.59,55.04,22.25,92,1,3,392,RURAL
114.47,155.06,232.50,276.12,166.10,93,28,3,11,URBANO
314.66,187.24,285.01,42.43,91.21,94,35,2,212,URBANO
322.06,12.18,103.64,38.53,229.56,95,29,7,150,RURAL
21.95,235.88,235.56,156.86,80.83,96,6,7,315,RURAL
28.39,102.54,104.20,27.69,245.78,97,4,8,100,URBANO
176.69,35.12,262.88,251.90,140.05,98,14,4,64,URBANO
253.61,218.53,0.96,192.84,32.81,99,11,2,370,URBANO
270.77,154.72,8.07,110.05,235.13,100,12,8,412,URBANO
98.05,171.30,49.62,117.82,284.91,101,1,7,385,RURAL
193.60,241.37,230.10,327.18,318.58,102,17,5,272,RURAL
108.93,95.88,274.29,314.01,261.70,103,20,3,316,URBANO
312.25,44.42,41.87,25.39,233.73,104,24,5,98,URBANO
213.70,108.98,252.25,263.07,159.23,105,23,8,380,RURAL
121.31,195.68,238.62,64.78,295.29,106,34,7,287,RURAL
176.60,107.96,321.97,101.64,19.89,107,10,10,36,URBANO
247.05,268.78,158.08,254.85,97.26,108,12,4,195,RURAL
321.25,10.80,294.47,215.07,10.55,109,23,6,146,URBANO
325.79,255.65,203.27,87.39,160.71,110,30,3,216,URBANO
293.36,315.26,186.35,170.53,153.02,111,2,4,500,URBANO
112.54,185.92,304.65,217.34,78.00,112,14,5,247,RURAL
23.12,83.45,85.15,182.08,169.68,113,32,6,226,URBANO
232.37,213.90,289.67,93.80,147.89,114,15,2,201,RURAL
165.91,269.84,241.40,113.63,89.79,115,20,10,273,RURAL
152.60,1.31,291.73,253.39,51.78,116,9,6,67,RURAL
166.26,17.88,204.13,130.10,181.42,117,9,7,180,URBANO
172.86,23.69,286.41,163.59,36.17,118,28,7,110,URBANO
87.59,19.19,97.52,118.85,77.45,119,4,10,430,URBANO
250.95,215.01,257.40,211.49,195.56,120,0,6,99,URBANO
324.61,193.24,322.26,144.26,218.69,121,12,9,404,RURAL
5.06,49.05,19.81,211.60,173.40,122,27,9,146,RURAL
298.91,263.39,51.68,210.93,56.74,123,18,5,388,URBANO
176.61,270.82,71.43,100.88,52.94,124,22,4,459,RURAL
9.53,216.42,89.96,263.60,144.63,125,5,8,313,RURAL
167.55,235.19,84.20,59.89,317.80,126,10,8,489,RURAL
26.14,201.25,54.97,200.35,19.69,127,32,4,459,RURAL
160.29,144.95,309.20,117.87,134.72,128,19,9,480,RURAL
136.90,296.12,169.69,4.21,165.13,129,1,10,310,URBANO
182.75,52.74,30.75,137.72,200.67,130,35,4,296,URBANO
17.50,284.54,180.97,308.86,304.08,131,26,1,438,URBANO
173.43,256.01,54.19,137.68,207.34,132,9,4,400,RURAL
132.55,300.89,268.82,243.17,296.73,133,12,4,435,URBANO
271.08,249.93,169.16,34.17,304.89,134,9,10,126,RURAL
108.52,224.18,188.48,310.81,114.40,135,27,5,256,RURAL
50.21,157.02,59.39,238.69,55.07,136,29,3,125,RURAL
312.04,33.69,40.30,142.03,298.46,137,6,7,163,RURAL
106.15,74.23,192.91,156.73,206.79,138,34,6,56,URBANO
223.46,122.68,196.02,108.69,259.86,139,13,3,331,RURAL
134.90,238.67,300.25,57.31,145.45,140,0,6,106,RURAL
1.14,159.91,35.19,301.86,241.86,141,22,6,87,RURAL
46.19,172.72,127.17,116.36,185.40,142,14,3,323,RURAL
276.69,319.69,61.47,237.62,207.17,143,12,8,212,RURAL
7.37,23.27,121.62,178.77,119.42,144,9,8,37,RURAL
49.96,112.73,54.84,240.90,90.77,145,12,5,454,RURAL
182.40,245.06,86.95,74.97,169.81,146,0,7,312,RURAL
171.88,288.34,139.79,302.11,26.24,147,3,4,464,URBANO
212.08,227.67,169.60,85.33,72.50,148,12,7,369,RURAL
207.24,276.83,278.79,76.34,103.71,149,8,4,66,RURAL
245.55,20.06,84.44,314.51,90.07,150,0,6,151,RURAL
278.09,33.33,29.08,65.46,275.61,151,32,8,101,URBANO
283.41,208.59,220.43,126.83,254.47,152,16,3,287,URBANO
7.58,186.80,222.41,71.72,102.64,153,34,8,324,RURAL
299.16,166.24,305.60,20.60,290.24,154,12,6,193,RURAL
303.82,68.93,271.60,212.24,247.66,155,11,4,95,URBANO
286.49,262.31,289.28,69.26,221.94,156,24,2,393,RURAL
191.80,41.45,244.92,67.26,76.26,157,32,8,359,URBANO
17.57,238.60,145.64,42.63,170.46,158,3,5,415,RURAL
224.98,150.83,15.75,295.37,72.27,159,12,9,277,RURAL
149.39,64.61,114.16,47.75,280.08,160,11,6,119,RURAL
206.02,219.38,6.56,318.70,161.75,161,2,10,69,URBANO
81.89,102.51,28.02,137.64,270.38,162,22,2,319,RURAL
204.70,49.00,192.88,63.03,217.72,163,16,4,358,URBANO
73.75,101.30,138.06,84.02,22.11,164,2,10,80,RURAL
268.44,198.66,233.93,191.66,179.26,165,5,9,41,RURAL
215.16,298.37,36.75,47.10,62.65,166,13,8,181,RURAL
211.78,241.79,299.91,38.69,283.01,167,33,9,94,RURAL
231.75,324.47,67.31,62.80,79.50,168,34,10,466,URBANO
272.54,85.87,226.08,169.14,39.95,169,14,10,201,RURAL
11.29,251.44,41.90,157.20,273.07,170,2,9,416,URBANO
208.12,247.85,307.67,12.85,123.03,171,5,5,108,RURAL
87.46,263.39,95.71,259.14,253.10,172,14,5,440,RURAL
83.63,258.98,81.92,14.63,218.63,173,24,5,99,RURAL
28.10,276.17,263.46,278.01,30.29,174,1,1,102,URBANO
300.90,12.67,45.77,167.09,285.73,175,0,4,291,URBANO
137.96,67.90,216.84,51.52,138.27,176,30,7,115,URBANO
51.06,35.59,81.55,187.02,7.58,177,32,6,144,URBANO
124.10,53.54,72.06,156.52,282.92,178,0,8,343,URBANO
91.59,100.36,47.25,212.14,215.02,179,25,1,218,RURAL
186.37,159.84,92.61,155.38,1.59,180,25,4,229,URBANO
66.93,46.08,303.73,4.95,279.16,181,16,4,74,RURAL
46.00,186.12,197.61,259.08,182.50,182,35,3,425,RURAL
222.04,209.16,135.99,277.74,46.04,183,19,2,82,URBANO
219.02,280.89,143.49,113.81,157.97,184,16,10,76,RURAL
253.70,48.02,121.12,312.34,281.69,185,30,10,246,RURAL
229.42,164.69,246.13,212.07,163.97,186,2,8,497,RURAL
106.89,280.96,67.89,246.56,186.62,187,31,4,90,URBANO
292.48,200.03,102.52,312.25,210.28,188,27,9,270,URBANO
300.70,138.41,0.16,210.35,111.47,189,27,1,271,RURAL
283.37,6.52,300.48,317.78,60.47,190,25,1,195,URBANO
95.31,118.91,147.03,286.89,251.70,191,22,6,9,RURAL
260.05,247.42,286.07,253.78,4.68,192,24,8,357,RURAL
204.15,49.05,4.33,195.25,23.88,193,31,7,154,RURAL
2.17,209.80,143.41,257.48,85.89,194,28,7,95,RURAL
85.34,144.92,229.74,259.58,64.38,195,16,4,127,RURAL
3.16,5.88,184.86,68.21,59.37,196,26,7,234,URBANO
86.27,221.81,49.03,284.34,34.37,197,34,3,386,URBANO
47.68,75.42,291.19,71.02,230.98,198,29,2,35,RURAL
212.38,194.25,280.65,98.35,30.32,199,2,2,16,URBANO
14.08,207.98,283.93,268.35,43.12,200,19,2,383,URBANO
209.51,4.47,239.10,226.41,147.30,201,32,9,22,RURAL
264.30,181.79,14.78,146.26,8.13,202,7,3,268,RURAL
222.49,289.64,238.13,149.90,322.44,203,4,10,134,RURAL
46.58,271.65,76.37,173.08,270.23,204,29,7,353,RURAL
172.33,268.40,111.22,209.44,75.98,205,21,8,93,URBANO
306.14,216.34,141.18,64.91,316.56,206,21,2,223,URBANO
203.21,292.20,59.64,295.96,114.85,207,30,2,76,URBANO
268.24,126.92,145.60,168.45,200.88,208,1,6,451,URBANO
40.88,218.18,27.44,314.58,102.58,209,12,1,135,RURAL
211.14,243.25,241.26,247.01,188.12,210,22,5,312,URBANO
265.28,77.81,325.77,120.59,235.10,211,17,10,140,RURAL
9.64,77.24,298.28,34.83,224.08,212,29,2,371,URBANO
109.23,281.87,265.25,78.28,302.73,213,9,6,26,RURAL
31.25,215.70,290.62,14.68,15.63,214,5,8,450,URBANO
209.79,85.31,13.54,255.61,315.54,215,13,5,41,RURAL
182.64,139.21,311.46,149.48,56.84,216,4,8,443,URBANO
76.49,196.83,67.43,15.96,111.43,217,12,8,8,RURAL
85.22,241.28,14.27,277.30,91.97,218,28,6,354,RURAL
50.91,280.68,9.90,286.12,38.82,219,8,10,195,URBANO
202.98,140.69,191.57,86.27,36.92,220,24,4,232,URBANO
231.68,247.52,61.38,243.38,42.34,221,28,2,48,RURAL
287.91,13.59,103.34,198.69,163.59,222,29,5,67,URBANO
134.80,5.10,128.56,230.34,145.90,223,9,7,430,URBANO
77.00,55.07,282.90,111.39,281.08,224,27,7,25,URBANO
191.86,13.05,153.16,15.06,0.56,225,4,10,478,RURAL
122.87,246.36,152.99,308.54,295.27,226,21,5,389,URBANO
86.72,27.76,167.15,320.35,22.06,227,34,4,163,URBANO
126.22,213.33,89.10,96.71,53.92,228,21,1,415,URBANO
77.95,287.22,238.04,197.13,260.83,229,21,3,432,RURAL
5.52,263.08,131.27,107.92,230.44,230,20,9,131,URBANO
241.92,96.36,304.55,199.65,308.75,231,15,6,273,URBANO
162.07,216.25,77.68,38.80,183.75,232,0,1,53,RURAL
1.74,235.03,92.55,42.23,206.49,233,20,1,78,RURAL
33.29,149.20,228.13,9.44,165.01,234,1,5,210,URBANO
204.90,187.32,234.20,128.54,147.76,235,29,10,382,URBANO
87.21,120.48,88.07,309.91,57.05,236,1,10,75,URBANO
126.82,35.94,219.49,114.21,246.00,237,21,10,362,URBANO
146.96,309.13,323.61,249.61,119.19,238,10,4,305,RURAL
158.71,59.46,197.57,70.41,127.26,239,21,9,71,URBANO
131.39,99.60,251.65,258.29,219.97,240,35,8,50,URBANO
126.08,94.81,10.67,108.81,36.01,241,12,3,10,URBANO
320.73,281.48,150.45,60.42,169.96,242,31,3,327,RURAL
224.22,70.38,36.88,232.66,208.16,243,16,3,149,URBANO
76.84,187.65,10.37,165.36,152.21,244,1,10,375,URBANO
298.72,189.39,241.85,141.19,66.35,245,15,1,28,RURAL
218.02,140.57,79.39,223.31,39.12,246,15,9,94,RURAL
214.20,152.75,86.45,246.51,96.03,247,2,3,301,URBANO
268.46,238.34,159.31,262.08,275.97,248,32,2,277,RURAL
220.03,121.31,38.69,144.89,63.62,249,24,1,486,URBANO
207.10,111.60,325.64,168.36,299.91,250,23,10,464,RURAL
325.08,237.78,21.88,231.47,184.49,251,22,8,341,RURAL
159.51,69.33,223.06,173.46,58.75,252,25,10,99,RURAL
136.19,324.08,243.37,54.72,285.60,253,16,4,385,URBANO
224.55,89.32,143.12,278.72,92.38,254,14,4,132,URBANO
196.02,5.95,141.86,273.32,49.35,255,22,6,68,RURAL
137.27,252.10,23.47,30.28,289.83,256,12,6,290,URBANO
321.85,62.82,43.85,5.72,146.28,257,5,9,185,RURAL
19.13,258.04,47.89,235.21,164.22,258,4,6,259,RURAL
154.84,269.11,218.62,250.85,156.12,259,31,4,83,URBANO
85.26,240.23,42.19,63.37,78.47,260,15,2,42,RURAL
8.38,199.12,106.33,271.54,243.70,261,0,8,116,RURAL
212.92,242.86,117.72,129.09,229.11,262,35,1,260,URBANO
114.58,259.86,64.16,144.57,155.80,263,3,1,268,RURAL
99.17,194.81,260.77,247.17,257.95,264,29,10,486,RURAL
275.57,291.21,55.65,174.45,264.34,265,6,5,160,RURAL
175.93,283.97,30.49,93.05,114.35,266,31,7,40,RURAL
267.75,13.29,225.23,141.19,86.77,267,1,1,443,RURAL
89.75,250.62,273.61,84.76,139.43,268,6,10,415,RURAL
62.72,279.77,267.61,277.84,147.00,269,31,3,389,URBANO
15.27,225.34,114.51,263.23,243.68,270,13,6,115,RURAL
25.10,151.03,72.76,11.78,151.52,271,21,3,430,RURAL
85.28,305.08,28.84,100.96,282.33,272,18,6,131,RURAL
177.77,134.05,77.72,212.01,256.59,273,11,9,476,RURAL
53.59,137.27,225.96,99.25,113.64,274,22,7,193,URBANO
1.45,60.86,218.42,26.51,143.24,275,21,10,270,RURAL
260.69,299.45,60.33,220.65,191.52,276,11,9,305,URBANO
200.59,171.93,76.48,48.80,86.57,277,33,3,365,URBANO
182.70,2.72,314.10,185.51,139.47,278,29,7,478,RURAL
218.39,216.35,298.15,262.36,89.02,279,31,8,454,RURAL
212.21,142.20,238.15,203.37,3.59,280,13,8,193,RURAL
209.85,16.09,268.28,197.13,87.78,281,22,1,288,URBANO
3.79,320.69,144.78,298.14,286.43,282,34,8,16,RURAL
309.66,127.37,38.30,239.19,235.88,283,27,8,68,RURAL
109.04,226.98,160.60,260.31,315.21,284,0,10,57,RURAL
93.97,210.71,125.40,198.40,244.21,285,19,1,149,URBANO
174.01,73.48,76.84,137.47,206.92,286,16,6,225,RURAL
141.77,287.30,214.87,0.23,307.72,287,27,1,309,RURAL
291.82,56.84,215.05,143.63,40.94,288,4,2,231,URBANO
183.65,201.00,178.57,241.24,320.95,289,21,10,355,RURAL
300.29,137.07,34.27,115.02,197.45,290,2,7,258,URBANO
82.09,262.98,280.24,312.62,91.60,291,34,8,419,RURAL
311.07,186.80,204.87,77.06,215.98,292,7,5,12,URBANO
226.11,304.48,34.44,203.98,320.33,293,28,5,179,URBANO
26.11,61.88,207.10,75.08,159.55,294,17,10,167,RURAL
310.10,310.45,81.49,154.97,298.59,295,22,7,68,RURAL
201.12,81.35,140.18,179.32,196.37,296,35,3,102,RURAL
111.07,65.58,325.91,44.27,173.08,297,9,7,397,URBANO
290.37,235.17,296.20,221.17,138.15,298,18,7,347,RURAL
42.15,300.75,150.82,308.56,186.89,299,22,9,9,RURAL
67.72,48.06,89.72,110.83,70.39,300,0,6,242,RURAL
23.93,294.67,208.63,276.38,149.63,301,9,3,36,URBANO
263.17,301.38,179.55,161.54,277.01,302,33,7,170,URBANO
325.66,62.03,127.84,78.25,67.39,303,10,7,374,URBANO
129.32,171.59,87.16,182.93,321.16,304,3,5,41,URBANO
159.23,200.30,203.39,129.86,35.45,305,7,10,482,URBANO
44.68,281.41,126.11,16.05,160.35,306,0,8,319,RURAL
131.78,165.17,280.06,219.34,264.41,307,0,9,235,RURAL
239.36,149.38,265.83,89.41,102.39,308,29,5,490,URBANO
291.39,192.46,31.94,321.84,193.87,309,28,1,10,RURAL
44.42,182.08,157.70,154.18,295.31,310,14,4,160,RURAL
215.73,50.27,110.80,79.56,64.20,311,35,6,40,RURAL
46.63,162.23,249.18,103.99,240.42,312,25,10,329,URBANO
318.97,127.03,262.51,172.46,266.56,313,1,5,255,URBANO
245.93,276.97,289.70,229.59,133.86,314,6,5,106,RURAL
214.30,57.69,3.89,66.47,20.28,315,9,8,231,RURAL
131.64,127.66,264.74,248.34,200.61,316,11,7,474,RURAL
113.12,292.77,34.29,255.60,273.43,317,5,9,197,URBANO
104.36,143.74,268.11,306.87,304.09,318,17,8,234,RURAL
172.76,1.23,221.88,70.67,7.18,319,22,7,106,RURAL
33.22,90.50,59.65,308.17,46.16,320,1,10,355,RURAL
114.30,153.74,4.74,314.33,189.94,321,25,10,298,RURAL
316.21,277.46,205.65,158.60,172.64,322,34,3,338,RURAL
162.64,191.84,258.32,40.13,323.93,323,31,3,8,URBANO
56.85,81.62,51.77,134.04,231.98,324,12,4,492,URBANO
24.97,182.26,167.42,28.76,142.00,325,20,2,129,URBANO
327.10,105.19,79.49,183.41,46.48,326,19,1,334,URBANO
7.76,170.77,69.58,217.15,204.74,327,5,4,202,RURAL
157.62,233.37,139.02,155.31,103.72,328,12,6,53,URBANO
318.88,157.26,46.13,230.00,245.76,329,3,5,244,URBANO
25.98,153.58,148.52,23.32,119.05,330,5,10,320,URBANO
316.34,77.63,288.51,24.33,55.25,331,19,4,286,RURAL
167.77,137.84,273.11,233.32,68.57,332,7,4,409,RURAL
310.39,245.84,87.73,23.86,266.11,333,21,9,251,URBANO
147.04,228.52,252.59,297.25,225.97,334,31,9,224,RURAL
283.18,239.88,324.17,320.12,133.51,335,29,5,181,RURAL
232.25,202.57,186.69,58.86,116.07,336,3,9,42,RURAL
125.90,209.16,290.81,197.50,87.54,337,14,7,307,RURAL
324.80,48.07,51.94,251.87,51.95,338,21,4,0,RURAL
13.37,304.67,297.08,145.95,27.76,339,25,9,494,URBANO
151.80,57.82,86.15,203.10,310.82,340,33,8,129,RURAL
320.66,101.27,135.50,180.55,188.02,341,17,9,322,URBANO
137.34,85.76,135.06,23.80,249.76,342,3,8,452,URBANO
209.82,53.31,143.70,222.03,170.14,343,14,1,171,RURAL
101.39,46.67,26.73,145.77,195.20,344,1,2,44,RURAL
257.24,95.79,111.38,244.69,160.35,345,26,4,364,RURAL
116.95,218.25,155.04,314.15,180.50,346,11,2,416,URBANO
95.11,270.11,201.29,54.19,235.35,347,8,2,183,URBANO
112.84,196.72,109.96,254.10,102.56,348,28,2,277,URBANO
130.02,187.64,61.31,145.44,42.48,349,2,4,471,URBANO
198.73,160.35,148.68,305.07,272.93,350,3,7,93,URBANO
172.27,235.19,211.32,253.36,251.17,351,23,4,62,URBANO
134.02,83.38,203.09,104.14,8.30,352,21,10,286,RURAL
215.33,26.09,208.85,319.48,207.07,353,33,5,365,URBANO
123.27,264.24,215.23,54.35,123.47,354,13,9,151,RURAL
209.37,43.61,69.43,206.91,252.88,355,19,2,4,RURAL
19.65,209.24,9.86,117.89,229.91,356,3,5,420,URBANO
265.54,281.82,87.11,118.13,312.32,357,14,10,371,RURAL
246.85,112.71,121.53,5.52,6.78,358,17,3,294,URBANO
35.49,60.40,243.22,81.93,48.40,359,31,2,49,URBANO
282.99,117.53,158.17,218.74,258.81,360,17,1,5,RURAL
163.40,233.52,253.51,173.32,273.17,361,14,2,200,RURAL
66.36,36.40,236.49,245.19,195.69,362,24,10,446,URBANO
86.57,143.37,270.68,248.89,169.37,363,12,6,385,URBANO
14.29,90.28,219.06,184.78,35.18,364,27,2,30,RURAL
167.28,185.86,42.28,99.85,150.30,365,20,7,170,URBANO
121.37,35.97,118.65,9.32,189.51,366,35,1,489,RURAL
113.75,118.28,141.85,224.53,4.35,367,13,4,187,RURAL
4.38,10.58,220.63,317.61,276.10,368,16,4,322,URBANO
225.38,127.43,171.40,268.74,277.90,369,5,3,270,URBANO
320.58,256.20,91.84,70.14,113.95,370,20,3,337,URBANO
201.49,206.17,27.33,52.50,87.45,371,33,10,199,URBANO
270.09,273.51,260.58,225.14,270.02,372,33,5,2,URBANO
293.91,291.43,178.94,166.12,165.72,373,13,3,142,RURAL
27.62,114.17,166.91,313.47,165.77,374,11,10,106,RURAL
214.49,265.88,207.15,322.81,278.89,375,8,7,105,URBANO
20.10,291.28,193.59,234.08,233.74,376,21,3,116,RURAL
154.35,270.62,160.90,106.41,118.04,377,10,3,26,RURAL
162.22,228.80,5.84,53.34,37.64,378,16,10,434,RURAL
182.23,156.06,268.01,143.86,155.41,379,26,3,296,RURAL
71.27,132.48,223.06,281.53,91.21,380,17,2,272,RURAL
9.41,55.39,62.22,124.98,172.87,381,1,10,493,RURAL
199.92,321.46,184.57,274.87,94.65,382,18,7,382,URBANO
33.83,79.81,77.97,81.51,228.25,383,28,4,148,RURAL
25.34,185.66,113.63,146.01,131.92,384,26,7,74,RURAL
25.04,301.97,94.98,197.57,303.96,385,33,10,439,URBANO
156.75,184.22,258.92,279.16,11.94,386,35,3,140,URBANO
209.23,267.01,295.73,204.06,148.61,387,33,9,265,URBANO
46.58,127.18,147.69,127.26,323.44,388,1,9,4,URBANO
98.29,284.52,122.88,199.21,93.44,389,32,5,484,RURAL
114.40,162.27,115.69,45.18,249.50,390,6,8,329,URBANO
248.41,168.24,8.25,247.62,54.92,391,8,1,157,RURAL
205.45,275.65,231.64,136.75,131.48,392,31,7,153,URBANO
311.91,12.86,275.18,145.36,179.23,393,23,6,90,RURAL
163.27,54.93,113.49,127.17,107.35,394,1,9,107,URBANO
161.56,119.79,67.65,232.58,238.77,395,14,5,436,URBANO
20.17,59.38,275.18,240.50,209.34,396,4,1,97,RURAL
78.86,54.63,301.81,111.18,80.68,397,2,2,405,URBANO
200.32,90.85,269.34,244.39,31.09,398,8,1,316,RURAL
43.69,83.23,218.05,26.11,40.96,399,26,6,390,RURAL
8.36,283.39,215.31,288.55,273.64,400,12,2,294,URBANO
42.07,300.78,260.29,43.85,277.02,401,23,9,16,URBANO
165.23,260.45,221.59,178.14,272.51,402,34,3,19,URBANO
114.79,57.26,221.93,113.47,1.96,403,35,6,413,URBANO
16.40,318.12,186.95,34.02,98.78,404,16,2,354,RURAL
144.98,60.29,46.17,174.64,193.00,405,35,4,396,URBANO
151.82,22.59,225.17,200.89,298.48,406,31,1,32,RURAL
253.83,42.29,285.55,107.11,313.76,407,2,6,472,RURAL
70.98,173.26,194.96,325.48,240.63,408,18,7,247,RURAL
232.12,67.92,30.01,279.60,293.94,409,22,1,290,URBANO
322.95,239.24,322.17,64.85,227.92,410,33,7,439,URBANO
224.54,223.14,179.49,205.34,252.88,411,1,5,347,RURAL
158.69,216.94,117.09,221.89,246.97,412,28,6,135,RURAL
199.68,271.13,312.62,133.79,272.37,413,31,6,475,URBANO
65.77,180.12,237.60,0.68,170.27,414,15,7,430,URBANO
316.56,233.42,218.39,163.50,161.22,415,31,7,187,URBANO
90.63,311.97,47.99,116.44,140.29,416,26,1,91,URBANO
156.97,205.78,206.26,63.55,217.65,417,8,8,37,URBANO
247.79,298.28,92.33,132.29,56.05,418,27,10,148,URBANO
323.26,133.17,218.89,6.39,168.64,419,9,1,257,URBANO
117.88,304.32,175.42,148.15,308.82,420,26,6,30,URBANO
240.42,86.75,40.87,9.35,27.52,421,7,10,334,URBANO
146.14,14.28,223.34,120.06,92.78,422,11,7,463,URBANO
184.19,324.76,255.32,321.65,173.19,423,17,2,232,URBANO
177.90,31.03,198.86,55.33,21.00,424,16,3,208,RURAL
213.13,247.98,21.92,263.64,20.98,425,10,8,77,URBANO
119.67,226.82,203.26,25.82,177.00,426,26,1,482,URBANO
213.38,89.55,315.35,137.07,188.00,427,4,8,269,URBANO
76.04,127.46,102.98,235.45,185.04,428,2,7,177,URBANO
130.00,7.12,204.94,2.55,304.99,429,34,5,162,URBANO
285.41,115.15,264.41,279.99,33.98,430,19,10,406,URBANO
309.55,162.31,53.36,51.66,0.22,431,33,3,45,URBANO
120.73,162.50,2.48,7.60,82.86,432,34,1,82,URBANO
235.57,143.06,245.57,52.48,216.17,433,6,8,31,RURAL
43.15,244.89,304.29,105.55,54.44,434,10,2,343,URBANO
1.34,178.67,3.84,103.98,200.17,435,24,2,209,URBANO
256.72,297.01,215.42,50.94,253.83,436,33,3,100,URBANO
63.71,230.96,40.95,112.42,305.11,437,22,9,391,RURAL
178.49,231.89,5.27,143.73,12.12,438,22,7,174,RURAL
34.48,16.87,209.71,47.63,249.22,439,12,5,248,URBANO
163.90,45.01,264.53,100.05,274.49,440,26,6,363,RURAL
149.21,266.01,249.04,149.62,320.13,441,29,9,434,URBANO
263.84,26.61,160.77,116.43,219.27,442,19,1,208,RURAL
145.01,129.03,249.10,36.78,232.14,443,28,4,426,RURAL
4.62,5.07,257.40,181.51,5.12,444,20,9,118,URBANO
94.51,114.31,197.23,121.73,245.69,445,28,1,107,RURAL
296.84,282.64,220.82,219.21,9.96,446,6,7,8,URBANO
279.09,52.88,220.19,216.86,324.07,447,32,7,369,URBANO
27.24,141.43,68.32,76.93,258.45,448,12,6,324,URBANO
6.07,323.84,31.07,206.46,145.96,449,4,2,206,RURAL
278.69,58.33,13.78,29.20,74.44,450,25,8,216,URBANO
231.24,29.36,113.87,172.38,30.17,451,32,2,57,URBANO
19.23,154.81,100.17,53.92,320.20,452,18,3,452,RURAL
26.73,127.65,27.10,279.19,298.33,453,35,9,480,URBANO
118.17,94.74,1.69,17.12,257.68,454,15,10,170,URBANO
46.11,2.05,83.07,3.64,75.61,455,12,1,432,URBANO
94.81,109.82,32.39,171.67,73.06,456,9,1,203,URBANO
63.30,104.41,315.90,164.39,316.27,457,6,8,260,URBANO
117.39,88.50,161.58,103.15,0.54,458,35,5,348,URBANO
88.20,268.40,21.53,52.36,156.68,459,30,5,424,RURAL
205.66,305.16,316.30,219.60,221.89,460,10,9,301,RURAL
6.22,85.65,165.53,56.60,57.25,461,22,5,423,URBANO
165.51,168.80,42.52,18.27,245.94,462,3,3,209,RURAL
175.09,24.74,305.44,64.77,17.89,463,1,2,169,RURAL
187.35,192.32,202.38,217.24,179.68,464,6,7,145,RURAL
246.92,102.35,71.30,15.38,32.07,465,0,6,235,URBANO
189.94,240.01,90.43,170.54,225.56,466,9,6,296,URBANO
283.31,41.18,144.64,55.16,15.28,467,14,6,167,RURAL
24.09,243.86,10.08,256.77,219.09,468,14,1,234,URBANO
168.26,203.21,231.52,223.71,178.95,469,33,8,326,RURAL
318.93,190.16,236.91,241.28,73.81,470,9,8,433,URBANO
256.35,137.84,312.18,53.90,110.94,471,32,6,281,RURAL
177.95,23.42,113.73,272.11,240.36,472,15,3,211,RURAL
311.77,56.00,293.59,258.96,289.49,473,2,6,172,RURAL
28.49,197.40,104.10,108.96,63.27,474,18,4,118,RURAL
40.68,319.90,145.08,20.03,12.65,475,20,10,29,URBANO
27.07,290.85,95.60,154.07,121.89,476,33,7,239,RURAL
326.62,62.45,175.97,48.88,294.51,477,8,5,174,RURAL
298.00,202.55,98.47,325.75,199.09,478,18,6,439,URBANO
173.35,175.09,172.73,51.28,58.97,479,17,2,236,RURAL
157.17,100.67,42.22,140.21,230.18,480,28,5,90,URBANO
42.49,310.62,296.87,106.40,92.19,481,19,3,35,RURAL
182.99,73.42,208.95,190.77,141.75,482,18,2,177,URBANO
114.66,148.31,265.88,205.80,320.79,483,28,4,55,URBANO
324.80,4.19,226.03,260.64,174.31,484,18,6,392,URBANO
31.06,78.32,32.04,111.23,75.86,485,12,1,153,RURAL
21.59,184.52,42.15,147.97,246.66,486,11,6,70,URBANO
47.70,279.86,74.93,68.38,141.14,487,28,2,482,URBANO
147.63,19.62,165.60,78.82,279.73,488,3,1,99,RURAL
150.82,109.59,269.20,313.30,77.65,489,21,4,372,RURAL
61.80,5.78,186.91,326.59,85.27,490,1,2,75,RURAL
133.93,22.19,170.28,324.46,171.75,491,5,4,57,URBANO
238.23,203.77,187.55,130.34,262.04,492,30,8,176,URBANO
304.40,219.90,34.21,238.54,179.14,493,20,1,263,RURAL
172.24,321.95,248.85,313.72,151.53,494,13,10,118,RURAL
225.04,292.03,167.65,248.90,280.93,495,6,6,33,RURAL
23.34,26.37,257.66,72.74,231.05,496,35,2,55,RURAL
264.68,22.57,265.26,155.01,122.25,497,14,6,277,URBANO
237.04,122.68,200.89,169.02,169.32,498,2,9,259,URBANO
246.22,231.77,115.48,254.11,306.24,499,19,2,82,URBANO
123.07,120.67,187.32,192.09,144.07,500,2,4,214,URBANO
177.43,247.20,122.93,107.63,116.03,501,9,2,376,RURAL
16.40,11.07,62.55,234.41,32.11,502,0,3,350,URBANO
318.88,322.74,116.57,127.61,303.49,503,28,3,475,RURAL
289.23,317.51,242.48,296.45,217.37,504,3,5,154,RURAL
235.07,318.62,222.95,13.46,100.35,505,28,4,152,URBANO
39.40,221.45,294.33,76.45,67.54,506,17,8,139,URBANO
182.66,64.30,201.27,137.55,56.55,507,12,1,61,URBANO
121.79,158.21,35.59,20.60,53.04,508,35,4,93,RURAL
146.33,152.75,145.56,213.24,262.11,509,22,9,233,URBANO
16.87,178.97,213.67,12.52,104.44,510,7,5,292,RURAL
261.49,223.17,11.76,223.94,70.01,511,0,8,89,URBANO
116.35,53.15,298.09,142.52,300.97,512,22,2,124,RURAL
173.21,199.49,21.01,72.86,192.74,513,14,2,345,RURAL
273.07,143.62,95.52,315.63,260.95,514,2,5,170,RURAL
1.47,160.48,315.00,194.07,204.75,515,16,3,46,URBANO
103.46,106.30,170.99,88.73,25.79,516,28,1,52,RURAL
100.22,152.61,98.32,256.56,137.79,517,22,9,377,URBANO
62.57,74.74,4.35,238.12,309.74,518,6,6,131,URBANO
85.04,241.15,5.39,72.11,144.57,519,10,9,162,RURAL
169.39,15.55,181.92,76.38,151.82,520,13,5,473,URBANO
200.89,186.80,232.95,39.40,89.20,521,17,1,474,URBANO
237.14,190.93,37.42,141.34,211.41,522,20,4,136,URBANO
217.22,160.58,117.52,244.63,147.54,523,24,3,225,URBANO
136.08,18.23,269.11,120.06,257.90,524,15,3,379,URBANO
239.01,226.91,81.45,196.13,170.88,525,13,6,234,RURAL
196.86,327.33,269.10,24.01,310.51,526,9,4,74,RURAL
71.32,244.27,318.16,224.28,44.45,527,9,7,77,RURAL
68.45,65.70,71.75,91.32,78.01,528,3,7,410,RURAL
241.89,126.52,300.48,212.57,34.30,529,32,3,147,RURAL
194.76,271.55,160.86,30.03,180.52,530,34,9,117,RURAL
5.02,159.80,53.06,260.93,180.98,531,3,4,455,RURAL
180.63,145.44,22.10,267.84,188.54,532,13,8,76,RURAL
66.03,192.77,295.40,28.89,59.47,533,6,7,407,RURAL
239.95,146.23,314.28,160.96,183.10,534,34,8,17,RURAL
287.12,130.69,303.60,34.90,299.59,535,7,10,286,URBANO
315.41,245.45,300.79,6.76,131.04,536,4,10,389,RURAL
181.93,19.72,24.70,303.75,111.82,537,32,6,158,URBANO
114.88,70.35,105.62,186.01,140.30,538,5,3,340,URBANO
33.11,74.64,106.37,300.15,58.01,539,0,7,239,URBANO
317.67,257.79,122.92,204.88,247.62,540,14,6,443,RURAL
42.99,309.76,94.89,267.67,288.74,541,32,5,30,RURAL
271.43,133.57,305.38,251.78,168.03,542,23,8,81,RURAL
160.56,117.18,174.81,73.50,129.40,543,33,2,300,RURAL
165.33,282.14,314.42,298.98,235.09,544,9,1,88,RURAL
69.66,75.01,115.24,261.79,61.75,545,5,10,390,URBANO
257.18,243.10,289.24,235.54,35.62,546,32,3,222,RURAL
93.64,197.17,239.22,152.97,44.37,547,33,3,235,RURAL
195.62,315.60,177.69,56.65,39.51,548,18,1,101,RURAL
9.31,124.03,33.08,165.85,248.05,549,20,2,158,RURAL
6.95,222.13,254.44,310.05,133.70,550,17,8,69,URBANO
64.45,248.88,150.69,318.59,239.60,551,12,8,14,URBANO
290.09,117.20,125.59,187.46,29.56,552,34,6,424,URBANO
30.88,310.51,158.89,156.54,285.09,553,3,4,371,RURAL
323.49,47.21,13.98,108.77,87.54,554,3,5,499,URBANO
51.11,315.67,212.44,15.52,213.41,555,19,4,400,URBANO
322.32,199.51,99.65,228.51,172.10,556,14,4,62,URBANO
263.60,138.75,14.55,242.72,157.37,557,29,7,75,RURAL
18.02,275.58,195.49,269.86,64.09,558,22,8,67,URBANO
319.12,113.84,298.49,30.99,253.19,559,17,8,89,RURAL
76.36,148.13,8.89,186.00,63.37,560,17,5,231,URBANO
223.76,32.83,233.67,103.35,104.30,561,22,6,366,RURAL
124.64,256.30,38.28,143.42,154.61,562,5,2,48,RURAL
176.43,23.09,104.34,219.36,273.18,563,8,6,96,URBANO
284.52,136.81,69.38,126.99,194.81,564,3,10,28,URBANO
64.84,84.80,110.62,262.45,249.36,565,0,9,163,URBANO
207.57,74.43,236.98,28.05,259.67,566,7,7,171,RURAL
236.35,73.11,89.66,289.47,278.52,567,10,1,38,RURAL
43.45,200.61,71.77,270.97,80.96,568,29,8,321,RURAL
179.62,142.39,270.14,228.48,160.78,569,30,2,409,RURAL
124.44,217.47,110.20,82.52,118.13,570,18,6,85,URBANO
211.33,213.38,214.73,19.27,253.90,571,32,4,390,RURAL
121.33,185.52,44.68,34.97,181.87,572,2,4,22,RURAL
106.63,17.73,104.98,203.00,156.23,573,24,5,99,URBANO
128.65,325.96,163.75,18.96,268.65,574,35,10,369,RURAL
153.20,74.18,290.43,13.78,60.61,575,6,4,186,URBANO
206.27,180.04,30.48,220.55,298.51,576,23,6,54,URBANO
150.80,72.94,108.94,20.13,101.88,577,32,5,155,RURAL
222.43,192.41,310.21,243.06,308.41,578,21,1,257,URBANO
111.92,195.10,26.79,26.56,89.33,579,9,6,435,RURAL
264.07,87.22,130.38,242.57,62.91,580,34,6,81,RURAL
117.14,308.84,63.27,283.00,139.83,581,27,7,182,URBANO
163.28,110.61,226.73,27.85,152.88,582,35,7,43,URBANO
230.15,307.62,305.78,220.70,303.41,583,29,3,243,RURAL
281.34,108.67,173.97,158.72,99.60,584,20,1,476,URBANO
205.65,178.74,254.80,14.24,77.23,585,23,5,494,RURAL
52.13,135.02,304.85,267.99,5.89,586,15,9,325,URBANO
178.07,252.66,159.13,95.77,58.39,587,19,2,465,RURAL
42.47,143.86,170.10,55.14,305.21,588,13,1,147,URBANO
104.62,202.55,288.30,46.56,232.76,589,31,10,208,RURAL
284.76,267.57,171.46,175.19,156.33,590,32,2,434,URBANO
273.17,102.45,151.91,128.95,264.65,591,2,7,24,URBANO
97.71,203.68,238.77,321.03,48.65,592,29,6,253,URBANO
19.95,66.71,49.89,244.39,146.10,593,11,8,290,URBANO
139.38,148.36,116.09,49.10,243.01,594,14,8,228,URBANO
240.55,152.62,98.85,201.50,120.84,595,20,5,321,RURAL
0.27,169.42,198.05,282.90,15.45,596,24,3,245,RURAL
5.31,183.20,5.48,110.48,239.69,597,35,1,82,URBANO
7.68,267.76,109.77,139.77,86.84,598,9,2,298,RURAL
252.08,303.06,175.96,186.43,143.07,599,27,4,411,RURAL
212.64,13.13,127.02,42.09,13.14,600,9,1,286,URBANO
19.90,82.58,148.13,43.40,217.24,601,6,6,355,URBANO
316.49,327.20,112.33,199.35,93.58,602,19,4,138,URBANO
199.93,148.47,235.53,45.39,113.12,603,17,2,244,URBANO
155.59,120.98,112.65,37.04,325.30,604,31,5,43,RURAL
27.86,286.67,21.36,20.25,271.06,605,11,5,258,RURAL
181.24,42.93,285.51,224.87,49.58,606,2,9,62,URBANO
204.60,280.49,161.27,223.12,65.95,607,9,8,230,RURAL
110.61,214.45,174.03,224.74,275.98,608,15,2,230,RURAL
272.39,52.56,115.14,179.64,193.52,609,10,6,264,RURAL
307.16,313.88,221.21,108.52,211.89,610,0,7,102,RURAL
278.77,224.09,3.87,14.94,148.99,611,3,8,474,RURAL
104.73,115.32,210.25,284.32,281.36,612,2,1,205,RURAL
55.48,255.26,180.33,79.13,170.97,613,27,2,27,RURAL
72.14,217.37,62.11,7.91,238.39,614,13,6,261,URBANO
181.29,63.52,112.02,266.52,264.41,615,10,4,403,RURAL
211.68,193.88,309.87,115.66,67.30,616,10,7,273,RURAL
71.54,196.03,1.38,119.13,321.38,617,8,6,14,URBANO
188.57,205.81,2.57,135.88,187.01,618,19,3,276,RURAL
3.94,197.54,327.26,216.99,241.94,619,3,6,3,RURAL
313.58,158.86,285.36,69.79,312.67,620,30,6,128,RURAL
72.24,225.12,138.94,269.16,132.82,621,1,6,444,URBANO
222.76,86.74,63.99,143.93,112.76,622,17,2,452,RURAL
231.46,53.35,95.78,87.21,142.92,623,0,2,297,RURAL
152.43,254.49,81.14,184.17,69.44,624,31,4,340,RURAL
187.68,276.89,317.85,243.76,106.65,625,5,8,308,URBANO
75.23,193.26,236.94,75.48,197.82,626,22,5,26,RURAL
179.19,29.43,204.03,207.73,132.36,627,30,4,364,URBANO
9.54,246.24,246.26,153.25,168.62,628,24,9,476,URBANO
302.57,307.59,181.32,196.10,209.11,629,22,4,276,RURAL
271.38,225.49,262.97,114.11,237.18,630,13,2,326,URBANO
102.40,287.50,127.05,96.09,174.94,631,21,1,244,RURAL
220.81,260.71,188.22,290.47,47.65,632,30,3,140,RURAL
242.05,270.44,86.61,178.36,56.63,633,11,5,82,RURAL
7.59,238.03,131.27,119.93,87.52,634,8,8,257,RURAL
311.02,8.60,215.89,74.28,302.61,635,22,1,351,URBANO
193.33,172.11,280.18,296.93,174.64,636,17,7,82,URBANO
81.01,47.84,109.40,58.39,25.96,637,33,6,301,URBANO
253.94,219.93,235.54,111.18,229.29,638,22,10,418,RURAL
290.21,236.33,91.73,316.63,71.25,639,17,6,77,RURAL
46.76,289.77,295.23,24.92,126.28,640,18,2,435,RURAL
54.67,252.02,175.20,107.77,22.52,641,4,10,477,URBANO
45.51,120.87,300.09,63.03,117.64,642,14,2,80,URBANO
7.71,159.44,179.16,246.49,247.75,643,27,4,385,RURAL
302.00,39.34,240.10,34.80,235.10,644,32,6,57,URBANO
39.75,54.26,140.18,18.65,13.23,645,8,4,451,URBANO
144.47,46.82,280.34,180.55,25.83,646,19,8,479,URBANO
182.57,115.07,40.22,53.26,102.20,647,33,3,215,URBANO
118.98,13.53,321.52,235.01,139.77,648,4,3,183,RURAL
50.05,162.79,118.41,168.89,40.35,649,4,4,136,RURAL
238.82,185.10,53.15,17.81,124.44,650,4,3,7,URBANO
91.69,181.75,113.72,39.08,227.80,651,19,4,118,RURAL
319.72,152.77,219.58,301.98,187.83,652,32,8,373,URBANO
77.26,228.27,205.59,271.57,217.94,653,1,10,475,URBANO
255.77,182.15,118.90,221.59,206.42,654,22,8,351,RURAL
174.56,106.80,193.88,222.31,3.28,655,16,7,475,RURAL
229.71,87.22,299.60,169.73,7.75,656,31,8,379,URBANO
65.57,107.90,223.87,211.31,66.03,657,10,7,144,URBANO
147.30,155.23,130.83,28.70,27.10,658,0,3,418,RURAL
148.30,250.70,269.87,166.79,275.81,659,35,1,259,URBANO
144.11,298.53,21.46,26.11,199.67,660,11,10,345,URBANO
317.00,164.91,276.31,169.62,305.52,661,14,9,145,RURAL
206.44,112.51,95.05,193.71,64.69,662,14,8,137,URBANO
220.98,118.01,9.26,153.27,51.63,663,5,1,138,URBANO
90.44,302.46,110.18,71.54,150.98,664,7,8,58,RURAL
166.79,204.28,114.12,254.23,242.87,665,11,10,113,URBANO
203.89,290.19,73.67,216.18,49.17,666,18,8,398,RURAL
47.70,55.63,213.19,57.68,65.98,667,31,8,257,URBANO
140.53,47.45,142.23,132.48,219.89,668,20,6,395,RURAL
141.04,85.96,71.24,11.25,93.64,669,2,2,116,RURAL
58.81,164.24,285.28,199.57,307.72,670,11,4,439,URBANO
68.02,66.60,232.60,1.58,53.56,671,15,2,429,URBANO
152.39,74.88,77.37,41.01,309.97,672,30,2,214,RURAL
193.08,305.34,258.80,1.39,63.19,673,10,2,485,RURAL
5.89,283.85,56.69,143.15,325.60,674,3,3,5,URBANO
197.07,9.54,243.97,122.59,297.36,675,2,2,310,RURAL
262.69,82.41,12.02,217.27,129.96,676,34,3,395,RURAL
213.73,11.84,118.58,248.52,290.70,677,6,9,197,RURAL
23.24,96.63,141.66,117.69,226.00,678,0,9,96,URBANO
181.28,46.98,79.90,253.30,175.25,679,12,6,158,RURAL
10.33,283.55,130.29,89.33,42.86,680,6,4,393,RURAL
327.20,258.29,270.92,35.30,28.45,681,21,5,497,RURAL
87.77,172.48,306.91,24.57,223.05,682,9,5,478,URBANO
195.32,42.17,236.34,133.34,22.46,683,4,9,317,URBANO
33.45,289.82,43.89,13.23,261.98,684,27,6,15,RURAL
286.48,121.23,236.49,80.43,162.44,685,8,1,172,URBANO
39.56,30.01,305.57,95.29,147.16,686,1,8,210,RURAL
93.27,44.63,28.66,287.62,12.20,687,33,8,393,RURAL
288.03,236.02,152.48,67.89,247.33,688,30,6,75,URBANO
67.48,38.57,193.31,103.27,237.44,689,19,1,259,URBANO
294.25,300.28,70.47,175.74,322.63,690,1,9,263,URBANO
150.17,236.05,156.62,263.39,78.96,691,2,9,258,RURAL
41.18,185.90,283.40,76.94,319.56,692,14,8,242,URBANO
320.38,4.85,20.78,19.29,318.46,693,19,7,77,URBANO
218.70,103.94,38.74,262.82,326.26,694,18,10,55,RURAL
68.71,183.17,62.99,257.24,157.23,695,5,4,248,RURAL
140.98,245.01,208.49,130.33,136.01,696,4,4,442,URBANO
190.04,88.99,187.56,65.98,162.29,697,8,7,402,RURAL
324.37,14.97,61.21,10.10,183.72,698,33,5,214,URBANO
70.21,29.15,295.00,203.37,172.59,699,9,9,430,RURAL
36.33,39.26,246.08,59.60,305.92,700,20,6,301,RURAL
11.23,90.09,28.90,238.27,133.06,701,9,4,271,URBANO
178.35,176.41,102.01,325.65,204.62,702,6,9,73,URBANO
189.32,193.13,253.40,60.47,41.12,703,25,2,340,URBANO
206.79,313.87,319.89,88.77,150.99,704,20,10,137,RURAL
164.50,225.38,263.94,231.48,267.61,705,28,9,12,URBANO
152.54,8.98,198.92,190.89,80.96,706,30,2,394,RURAL
280.85,243.60,227.48,283.63,96.95,707,3,9,2,RURAL
182.07,68.27,270.40,131.67,182.03,708,19,5,349,URBANO
321.80,321.36,55.77,270.57,286.01,709,28,3,188,URBANO
221.81,219.37,268.23,15.90,3.46,710,13,9,361,URBANO
134.93,68.61,66.97,320.49,237.90,711,15,2,472,URBANO
189.83,173.62,118.33,285.42,4.16,712,16,1,14,URBANO
198.09,57.67,52.26,91.85,230.08,713,20,2,165,URBANO
326.83,113.96,173.85,72.40,160.68,714,11,2,35,URBANO
242.90,76.49,112.49,16.31,175.12,715,29,1,14,RURAL
215.82,7.20,126.35,318.49,221.27,716,2,7,265,RURAL
139.67,28.23,72.04,60.29,265.28,717,30,4,204,URBANO
100.29,99.87,316.86,76.80,64.64,718,10,8,49,URBANO
316.30,273.32,12.07,128.67,59.70,719,12,5,338,URBANO
255.15,16.48,14.25,47.67,35.31,720,6,6,455,URBANO
44.03,271.21,252.17,49.97,311.85,721,12,9,246,URBANO
178.22,85.44,215.96,261.31,293.75,722,20,2,26,URBANO
33.55,193.55,62.44,282.88,267.65,723,3,8,317,URBANO
126.41,23.96,122.72,40.84,94.14,724,23,6,333,RURAL
185.09,292.12,220.24,71.27,6.73,725,25,8,40,RURAL
273.68,57.45,250.28,174.95,232.51,726,33,4,250,RURAL
99.74,185.45,47.35,71.76,271.66,727,12,5,395,URBANO
5.77,287.18,276.52,280.05,317.37,728,21,5,211,URBANO
144.52,180.65,192.12,238.01,317.36,729,11,4,337,URBANO
166.85,100.77,102.93,139.86,297.01,730,28,3,355,RURAL
229.84,129.56,211.51,319.73,296.12,731,31,5,42,URBANO
52.96,40.41,125.26,153.90,287.85,732,6,4,198,URBANO
78.55,291.97,196.52,126.11,100.15,733,19,10,118,RURAL
99.34,239.56,59.56,294.28,259.59,734,7,8,116,URBANO
4.90,24.01,325.42,57.21,113.37,735,18,6,137,RURAL
286.18,204.56,316.93,35.15,130.35,736,24,10,294,RURAL
193.33,76.23,16.94,32.33,65.62,737,6,4,122,RURAL
173.22,314.91,11.36,181.36,195.63,738,16,4,455,RURAL
194.80,153.21,169.14,315.29,316.04,739,26,2,123,RURAL
60.86,76.70,90.52,275.98,289.95,740,31,6,420,RURAL
36.70,80.50,311.83,252.24,234.13,741,7,7,442,URBANO
157.85,277.83,22.68,41.01,253.33,742,17,1,474,URBANO
11.28,30.92,11.44,128.52,95.65,743,8,1,352,URBANO
275.47,256.30,145.56,170.56,97.68,744,30,1,374,URBANO
33.06,170.27,294.85,230.81,67.41,745,1,2,52,RURAL
287.95,129.61,262.05,210.66,198.85,746,9,3,427,URBANO
8.92,60.13,152.81,115.93,139.29,747,14,2,140,RURAL
122.58,308.85,148.98,254.01,89.79,748,19,1,408,RURAL
315.61,288.54,300.16,258.27,139.35,749,27,6,310,RURAL
196.12,216.10,224.54,119.47,180.72,750,5,4,340,URBANO
199.57,185.60,74.73,10.80,86.96,751,32,2,462,RURAL
28.12,147.10,64.83,1.64,103.60,752,0,7,169,URBANO
265.72,76.29,27.09,28.13,113.33,753,32,5,433,URBANO
167.95,124.88,287.04,163.26,61.20,754,26,6,370,RURAL
148.90,136.73,195.72,266.64,144.36,755,6,6,298,RURAL
303.26,184.29,237.74,195.66,82.53,756,23,10,459,RURAL
39.55,68.10,133.96,6.59,81.43,757,20,8,89,URBANO
224.26,168.65,281.75,80.58,69.30,758,8,4,142,RURAL
123.12,124.30,223.22,8.11,226.04,759,26,1,452,URBANO
270.52,64.56,240.73,57.42,200.74,760,22,1,108,URBANO
282.80,131.18,269.00,258.07,32.96,761,4,8,242,URBANO
235.74,99.34,95.22,66.01,123.20,762,20,8,369,URBANO
224.27,35.02,50.77,143.50,325.29,763,17,3,473,URBANO
168.11,199.78,265.61,50.67,31.05,764,28,8,356,RURAL
2.90,155.38,225.08,54.67,247.78,765,33,3,498,RURAL
178.98,19.38,255.31,207.33,249.03,766,17,2,313,URBANO
186.53,247.31,138.66,303.24,73.27,767,35,2,298,URBANO
108.42,20.00,151.15,126.01,247.83,768,31,7,92,RURAL
268.45,300.85,255.48,123.08,3.23,769,32,2,106,URBANO
134.57,100.60,304.31,222.80,99.15,770,28,6,99,RURAL
48.77,146.13,118.62,59.25,200.79,771,16,7,345,URBANO
32.91,115.76,155.35,52.52,34.91,772,10,8,81,RURAL
270.17,240.37,28.28,43.55,11.61,773,31,8,451,URBANO
119.46,145.06,129.58,0.47,324.49,774,13,10,372,RURAL
116.03,81.84,97.38,298.57,260.59,775,17,3,54,URBANO
182.21,213.28,205.02,126.26,243.81,776,12,3,332,RURAL
294.58,273.63,121.00,190.80,78.74,777,16,4,301,URBANO
9.60,185.92,83.90,294.16,199.72,778,21,6,301,URBANO
97.30,229.36,122.81,133.06,238.91,779,23,2,128,RURAL
125.65,160.92,90.74,54.11,229.53,780,21,7,494,RURAL
110.71,145.77,290.21,76.38,22.16,781,18,6,24,RURAL
300.25,213.37,151.56,145.94,154.03,782,1,4,498,RURAL
92.29,126.50,321.36,291.55,86.39,783,1,3,174,RURAL
128.61,127.79,289.58,201.24,47.49,784,29,5,291,URBANO
112.14,86.22,56.07,188.54,254.45,785,5,9,281,URBANO
27.98,223.80,218.52,220.22,1.69,786,18,9,247,RURAL
37.74,212.22,119.74,184.34,209.65,787,8,3,284,URBANO
280.61,311.47,313.03,51.23,198.72,788,15,10,424,URBANO
268.15,227.57,96.44,171.89,239.94,789,35,8,62,URBANO
138.35,315.69,64.11,99.48,214.62,790,11,4,0,RURAL
285.81,296.11,42.53,242.05,230.36,791,16,8,459,RURAL
179.44,287.95,160.75,33.40,121.25,792,35,2,101,RURAL
294.22,299.06,160.04,115.68,77.81,793,2,3,78,RURAL
103.60,64.21,149.53,37.60,307.81,794,24,2,395,RURAL
252.93,212.18,238.81,322.75,36.17,795,4,10,112,RURAL
164.89,266.88,139.19,255.57,66.48,796,32,6,10,RURAL
27.90,14.46,185.37,86.43,142.75,797,13,9,130,URBANO
6.49,174.83,182.44,135.89,41.50,798,25,7,354,URBANO
105.48,209.67,212.55,219.12,102.65,799,14,10,260,URBANO
15.99,125.40,38.30,3.01,21.91,800,11,7,465,URBANO
143.23,82.67,7.16,86.21,104.19,801,9,2,97,RURAL
154.42,77.48,137.06,228.89,132.39,802,18,6,230,RURAL
126.67,107.89,135.85,268.55,195.43,803,24,2,46,RURAL
37.49,121.87,134.08,61.71,319.07,804,28,5,175,RURAL
223.91,1.06,77.21,160.07,119.65,805,32,3,197,URBANO
282.06,32.02,53.97,326.35,313.34,806,28,10,44,URBANO
109.72,10.88,27.60,233.30,312.96,807,6,10,498,URBANO
121.98,146.06,95.20,257.57,209.36,808,30,5,258,URBANO
226.57,96.45,219.75,212.22,280.18,809,24,5,79,RURAL
236.81,95.77,22.21,310.81,281.45,810,32,9,97,URBANO
302.99,298.15,125.94,24.60,29.88,811,9,5,126,URBANO
74.72,96.29,227.54,168.15,29.70,812,16,1,150,RURAL
60.42,41.60,159.08,237.58,120.52,813,9,4,457,RURAL
273.23,264.22,272.10,48.14,63.04,814,30,2,187,RURAL
26.22,82.66,47.73,109.86,101.59,815,19,8,442,RURAL
64.55,205.99,151.63,313.74,291.70,816,3,4,111,URBANO
38.09,1.56,150.07,200.72,170.16,817,9,8,486,URBANO
229.43,33.79,160.24,248.59,92.58,818,25,9,215,URBANO
71.05,44.42,63.39,261.66,196.07,819,24,1,58,URBANO
228.12,306.05,2.42,315.49,39.28,820,9,9,409,URBANO
200.56,241.98,206.63,268.70,148.89,821,4,2,379,URBANO
298.92,59.30,234.87,320.68,155.58,822,21,5,31,RURAL
89.64,311.20,114.32,58.46,218.15,823,21,4,212,URBANO
256.79,121.91,229.27,174.79,260.42,824,9,9,271,URBANO
287.99,110.92,190.76,302.14,43.04,825,7,4,334,URBANO
49.55,222.97,264.66,109.10,113.96,826,9,4,377,RURAL
33.99,277.76,228.81,123.16,75.25,827,3,5,260,URBANO
287.22,247.25,170.42,178.60,279.97,828,24,3,71,URBANO
325.45,90.73,240.35,294.12,304.19,829,19,10,20,URBANO
41.45,64.38,40.72,120.38,253.09,830,14,2,476,RURAL
126.32,210.05,257.58,300.61,106.88,831,18,5,422,URBANO
320.63,322.74,327.26,14.40,128.19,832,25,10,268,URBANO
318.53,294.75,193.98,5.96,197.71,833,22,9,257,URBANO
74.14,148.04,94.64,246.44,236.87,834,0,1,451,RURAL
231.15,57.11,290.98,313.83,303.90,835,34,2,422,RURAL
147.00,287.41,320.55,135.94,88.76,836,9,2,422,URBANO
10.95,88.41,112.12,144.63,45.69,837,22,7,245,RURAL
53.10,159.90,295.13,109.29,80.76,838,3,6,232,RURAL
318.51,232.20,6.66,82.85,211.87,839,9,8,155,RURAL
275.97,248.34,75.37,65.37,262.89,840,24,7,55,URBANO
148.15,74.01,225.42,54.20,165.54,841,23,2,401,RURAL
127.43,173.79,19.46,53.98,162.84,842,20,3,155,RURAL
267.35,113.64,275.87,3.42,266.21,843,19,1,287,RURAL
280.25,248.48,149.22,277.49,200.46,844,12,3,473,URBANO
300.81,305.07,115.79,164.34,282.81,845,10,5,308,RURAL
190.68,223.77,156.14,14.94,78.41,846,25,2,14,RURAL
43.35,10.01,34.40,7.59,227.35,847,15,2,393,RURAL
296.17,65.94,230.25,57.64,124.30,848,31,9,446,URBANO
262.85,229.43,48.38,235.96,83.90,849,1,5,81,URBANO
311.60,35.90,149.40,197.90,239.55,850,35,9,422,URBANO
138.48,46.21,265.79,324.92,51.24,851,35,6,112,URBANO
120.93,324.58,239.75,272.98,194.05,852,27,5,168,RURAL
77.84,125.49,0.29,8.78,99.57,853,17,7,450,URBANO
220.93,281.15,172.04,147.14,126.84,854,31,6,400,URBANO
29.74,76.85,238.66,145.10,174.13,855,9,7,365,RURAL
13.04,133.88,116.79,171.90,318.48,856,30,5,330,URBANO
137.80,27.65,287.32,172.06,308.24,857,21,4,39,URBANO
76.23,321.95,326.77,140.43,43.81,858,15,10,52,URBANO
115.04,309.26,139.57,49.44,321.01,859,34,2,29,URBANO
256.79,74.72,97.61,100.18,239.93,860,14,8,427,URBANO
12.77,165.41,317.46,105.34,237.45,861,5,6,259,RURAL
303.16,39.80,81.10,170.47,281.30,862,13,8,357,RURAL
296.17,189.02,158.31,152.59,42.52,863,15,9,240,RURAL
320.36,178.52,189.32,231.94,105.61,864,14,8,276,RURAL
76.68,222.91,27.87,140.64,246.09,865,35,1,182,RURAL
113.97,61.16,321.79,127.68,282.43,866,0,6,262,RURAL
11.25,145.57,9.06,149.41,89.78,867,19,2,365,URBANO
239.29,77.76,322.52,322.64,266.62,868,13,2,207,RURAL
0.33,132.58,206.38,205.61,229.50,869,12,8,144,RURAL
38.10,104.79,92.82,47.61,235.15,870,17,1,411,URBANO
95.77,146.21,85.51,89.56,295.34,871,28,3,462,RURAL
139.30,150.58,210.25,84.78,191.67,872,35,9,341,RURAL
142.91,37.45,28.33,305.30,17.16,873,15,10,111,URBANO
201.22,253.34,233.17,105.50,146.37,874,5,2,312,URBANO
133.51,311.42,41.17,210.72,278.54,875,18,8,74,RURAL
202.83,23.97,70.26,278.52,151.48,876,25,8,130,RURAL
240.91,169.53,133.87,272.43,326.73,877,14,5,460,RURAL
15.54,285.07,80.25,204.50,135.25,878,6,4,42,RURAL
195.93,161.42,252.96,291.04,282.01,879,20,5,417,URBANO
269.95,139.40,254.81,185.64,318.18,880,18,2,336,URBANO
114.81,245.11,73.94,311.94,24.55,881,25,4,428,URBANO
192.63,229.88,110.55,150.78,276.60,882,23,1,114,URBANO
303.81,108.24,320.93,128.77,265.46,883,32,3,153,URBANO
67.27,124.28,289.75,78.67,280.06,884,16,9,427,RURAL
69.34,107.30,88.38,97.16,24.85,885,7,8,266,URBANO
289.74,234.77,287.86,261.83,127.51,886,16,4,207,URBANO
283.78,124.99,62.04,298.85,134.22,887,33,3,432,URBANO
238.68,0.42,282.26,93.94,169.76,888,15,2,406,RURAL
137.15,233.65,304.20,237.23,75.42,889,1,4,256,RURAL
237.47,281.54,109.38,124.63,200.17,890,21,10,151,URBANO
234.73,189.66,100.14,206.97,211.61,891,34,4,438,URBANO
256.06,266.81,283.73,188.05,180.35,892,16,3,29,URBANO
101.45,234.72,108.61,268.64,72.53,893,21,7,422,RURAL
42.88,135.40,278.08,265.12,271.18,894,17,9,34,RURAL
17.02,56.41,301.05,127.47,245.01,895,26,9,34,RURAL
265.50,6.72,239.59,123.23,322.60,896,17,3,390,URBANO
102.89,187.24,287.45,267.29,17.11,897,8,1,9,URBANO
217.67,67.47,195.22,185.66,67.23,898,6,7,256,URBANO
273.12,2.79,36.08,313.29,314.76,899,30,4,85,RURAL
325.31,197.31,44.72,228.94,147.12,900,12,9,90,URBANO
161.73,306.45,197.84,233.97,97.07,901,24,6,126,URBANO
74.58,108.36,48.71,153.56,166.36,902,35,9,217,URBANO
115.81,105.61,161.51,260.22,297.19,903,23,9,314,RURAL
159.42,230.80,42.33,246.76,284.74,904,9,10,156,URBANO
58.95,196.76,102.48,89.75,250.47,905,13,3,389,URBANO
46.10,14.19,52.86,197.29,135.17,906,30,4,397,RURAL
218.67,21.82,211.35,60.66,267.91,907,0,9,264,URBANO
91.47,68.28,174.43,282.70,285.72,908,20,10,466,RURAL
201.14,66.44,279.01,4.80,39.24,909,28,2,482,RURAL
253.50,323.72,44.51,88.91,260.84,910,24,6,69,RURAL
218.76,103.69,193.74,47.99,135.07,911,10,1,458,RURAL
57.01,294.93,87.77,190.95,181.89,912,35,10,436,URBANO
325.28,230.43,150.37,292.73,154.12,913,9,1,129,URBANO
169.58,134.22,183.31,322.99,293.73,914,30,5,39,RURAL
149.52,254.26,160.74,11.51,233.38,915,15,6,92,URBANO
308.51,46.02,41.77,102.56,252.27,916,31,9,77,URBANO
272.74,303.97,190.98,266.09,154.57,917,1,6,201,URBANO
122.71,166.96,62.73,6.26,248.87,918,9,8,108,URBANO
56.65,301.45,60.37,81.07,185.54,919,12,1,190,RURAL
55.05,145.61,7.04,61.31,190.34,920,17,4,255,RURAL
16.38,309.16,24.20,200.43,318.09,921,11,7,477,RURAL
310.64,196.23,256.41,187.87,286.46,922,19,5,9,URBANO
305.78,262.71,249.80,301.74,55.60,923,14,4,412,RURAL
272.98,286.32,77.96,169.66,17.80,924,32,10,205,RURAL
220.68,182.28,53.26,232.10,236.39,925,8,6,372,URBANO
37.65,68.07,1.96,24.90,132.26,926,7,4,84,RURAL
11.84,19.03,263.16,14.43,117.95,927,2,4,481,URBANO
47.95,213.52,243.28,190.10,10.90,928,9,10,129,RURAL
191.46,231.34,41.30,9.36,67.01,929,0,4,0,URBANO
52.52,264.01,289.72,211.17,300.79,930,19,8,127,RURAL
30.92,46.76,145.25,288.75,317.16,931,31,5,104,RURAL
221.46,295.74,16.50,4.68,18.03,932,14,9,410,RURAL
65.47,14.89,16.48,130.92,26.72,933,12,8,313,URBANO
215.10,94.86,160.34,80.97,11.73,934,13,1,23,RURAL
80.17,104.75,306.11,38.43,2.47,935,32,9,165,RURAL
97.68,303.79,230.24,205.78,22.19,936,35,9,162,URBANO
164.19,157.77,194.84,16.59,103.31,937,21,4,342,RURAL
284.23,293.22,66.12,194.39,288.34,938,4,7,140,URBANO
31.06,146.67,275.46,206.44,322.71,939,15,6,339,RURAL
0.67,299.89,287.07,288.81,33.35,940,3,3,287,RURAL
102.53,314.58,53.67,125.38,159.60,941,2,7,122,RURAL
314.56,225.55,100.20,92.55,246.93,942,8,3,51,URBANO
184.55,28.27,176.49,96.75,34.94,943,2,2,123,RURAL
25.44,165.57,52.43,273.33,181.12,944,13,7,128,URBANO
79.27,90.76,129.57,216.50,112.36,945,0,7,117,RURAL
262.99,96.83,66.94,80.37,309.26,946,19,10,435,URBANO
87.53,313.48,55.05,239.79,220.03,947,16,8,156,RURAL
236.08,31.32,9.81,274.33,75.89,948,34,7,294,URBANO
58.68,64.05,120.33,258.04,32.49,949,1,6,18,URBANO
207.59,7.07,11.29,1.95,19.00,950,1,8,6,RURAL
201.86,93.67,228.30,128.33,138.72,951,34,9,470,RURAL
191.22,102.65,16.34,245.61,275.01,952,30,2,250,RURAL
253.31,213.30,141.48,266.22,176.81,953,31,4,34,URBANO
124.30,6.90,316.09,261.74,262.13,954,15,4,252,URBANO
87.30,22.26,82.70,295.75,48.92,955,30,2,393,RURAL
100.88,179.74,109.53,315.17,6.76,956,25,2,354,RURAL
255.68,106.71,27.65,109.42,142.24,957,34,7,446,URBANO
296.53,220.29,312.67,22.68,193.88,958,31,10,128,RURAL
30.78,252.94,123.77,22.52,99.17,959,3,9,10,RURAL
184.29,314.19,98.69,2.57,214.76,960,8,10,35,RURAL
228.89,122.32,252.36,147.41,102.09,961,5,1,460,RURAL
320.03,266.55,84.42,128.13,310.23,962,31,2,65,URBANO
111.30,173.24,120.01,142.75,305.69,963,15,9,350,RURAL
204.94,278.73,81.15,14.74,177.34,964,8,8,363,RURAL
193.23,188.56,12.16,135.58,38.38,965,13,6,303,URBANO
71.89,326.44,148.73,108.32,0.79,966,10,6,454,RURAL
28.26,107.20,109.47,270.66,230.46,967,17,9,128,URBANO
12.40,276.50,255.02,322.89,41.22,968,26,2,147,RURAL
163.33,232.89,308.35,213.60,257.37,969,18,8,123,RURAL
278.24,135.30,92.56,94.97,37.97,970,3,6,268,RURAL
236.05,82.53,60.45,246.54,91.04,971,35,6,90,RURAL
118.02,237.92,202.85,183.02,145.49,972,19,7,386,RURAL
122.11,137.08,35.55,97.61,85.67,973,22,5,119,URBANO
151.43,214.33,22.11,281.45,305.14,974,21,10,183,RURAL
176.26,95.86,39.70,37.08,281.22,975,19,2,77,RURAL
184.91,131.89,277.51,28.38,300.26,976,18,1,19,URBANO
292.39,110.34,119.48,295.49,327.51,977,27,2,163,RURAL
216.95,312.04,3.45,232.61,269.83,978,15,1,442,RURAL
48.47,248.21,283.95,25.53,50.15,979,12,6,272,RURAL
29.90,277.70,21.80,83.34,54.04,980,24,8,13,RURAL
36.84,261.87,108.51,153.42,154.70,981,5,10,259,RURAL
264.16,22.39,44.01,184.34,41.18,982,21,4,43,URBANO
272.46,269.10,79.19,186.29,183.30,983,23,3,63,URBANO
34.76,152.27,185.43,214.28,164.97,984,20,2,84,URBANO
107.24,284.06,295.49,157.89,235.98,985,16,4,90,URBANO
213.57,156.18,51.71,83.28,14.95,986,10,9,205,RURAL
167.85,78.30,86.29,79.32,274.83,987,35,3,121,RURAL
321.62,249.53,321.53,126.74,84.26,988,3,9,345,RURAL
19.96,321.70,0.16,24.49,155.59,989,11,3,76,RURAL
60.55,1.73,27.57,145.26,222.22,990,0,1,338,URBANO
161.93,248.16,136.08,125.27,22.37,991,2,7,426,URBANO
177.31,243.85,164.96,164.86,186.41,992,33,6,373,RURAL
193.81,6.20,173.53,325.35,289.49,993,1,5,421,URBANO
134.54,192.61,256.52,321.26,6.35,994,17,8,255,RURAL
204.26,83.43,81.71,198.26,48.77,995,20,8,157,URBANO
30.72,307.96,51.21,183.67,277.94,996,0,9,330,RURAL
299.65,7.04,299.18,169.62,121.24,997,35,1,383,URBANO
127.60,92.47,113.81,155.70,127.55,998,27,2,278,URBANO
9.78,45.86,318.86,257.17,213.24,999,21,7,473,RURAL
258.87,148.07,58.52,27.29,170.06,1000,32,3,316,URBANO
180.94,130.36,46.62,327.24,216.72,1001,2,4,412,RURAL
97.34,70.12,166.82,30.30,55.19,1002,30,4,406,URBANO
34.67,14.44,58.89,35.44,91.36,1003,2,4,220,RURAL
108.88,312.85,13.34,66.52,72.78,1004,16,1,412,RURAL
37.58,282.82,239.12,50.52,167.61,1005,6,8,291,RURAL
259.57,196.37,291.62,35.50,83.87,1006,8,8,208,URBANO
287.10,108.81,123.60,216.26,241.66,1007,17,8,444,URBANO
186.71,11.23,41.79,85.93,42.44,1008,17,7,129,RURAL
6.32,296.93,156.32,260.65,50.22,1009,3,1,65,URBANO
154.41,165.20,122.20,84.10,50.40,1010,25,2,193,RURAL
137.06,153.89,154.71,147.38,91.16,1011,26,4,385,RURAL
3.02,255.64,202.61,217.02,172.39,1012,25,2,346,URBANO
89.86,20.71,152.08,42.87,3.51,1013,22,7,53,URBANO
227.20,162.75,122.59,130.48,27.81,1014,29,6,318,RURAL
159.40,253.73,283.51,92.81,232.30,1015,8,6,224,URBANO
253.29,11.97,195.03,241.31,103.19,1016,25,4,377,URBANO
240.32,255.30,53.97,100.48,230.09,1017,0,5,47,URBANO
181.73,277.75,96.95,178.02,16.34,1018,27,5,186,RURAL
327.04,190.91,102.88,126.46,48.62,1019,31,7,460,RURAL
11.75,71.14,298.70,304.61,197.58,1020,2,7,422,URBANO
238.40,45.24,31.36,111.50,283.57,1021,23,8,173,RURAL
96.50,143.04,308.98,248.73,75.58,1022,3,1,434,URBANO
175.92,119.33,72.00,60.66,100.09,1023,18,8,377,URBANO
154.46,29.77,278.97,21.70,7.53,1024,0,2,23,RURAL
157.01,80.16,296.71,33.51,274.09,1025,33,5,55,URBANO
299.95,6.10,59.85,325.37,211.31,1026,5,5,281,RURAL
173.87,267.02,161.96,51.18,185.18,1027,25,8,471,URBANO
242.23,145.75,36.23,323.40,310.63,1028,27,1,459,RURAL
67.69,175.70,101.00,164.97,233.78,1029,5,10,427,RURAL
96.87,3.27,206.69,112.46,150.48,1030,35,6,218,RURAL
84.65,150.56,217.25,45.71,217.13,1031,17,1,235,RURAL
178.59,9.77,43.37,110.10,83.36,1032,31,8,299,URBANO
106.06,264.97,252.30,178.07,273.93,1033,11,3,324,URBANO
189.61,146.08,210.90,264.78,284.06,1034,21,9,472,URBANO
112.77,260.57,118.22,11.30,74.16,1035,18,8,241,URBANO
99.42,228.13,107.12,255.57,259.12,1036,11,6,498,URBANO
210.29,77.31,115.65,123.40,69.48,1037,32,8,445,URBANO
38.72,88.24,130.55,14.64,306.70,1038,29,9,121,RURAL
292.83,166.37,287.16,90.69,318.28,1039,25,5,12,RURAL
306.74,40.80,67.93,144.00,67.90,1040,10,9,309,URBANO
320.98,54.13,204.67,17.02,302.64,1041,22,4,463,URBANO
249.55,198.80,112.22,55.40,109.62,1042,6,4,321,URBANO
304.43,259.08,295.58,1.56,270.19,1043,2,2,143,URBANO
273.90,19.30,318.72,267.15,99.19,1044,5,8,178,URBANO
28.71,317.29,12.08,27.26,13.57,1045,32,9,418,RURAL
246.56,60.56,259.89,42.04,111.13,1046,12,9,367,URBANO
91.57,98.20,47.43,105.55,249.97,1047,12,4,263,URBANO
172.96,146.80,186.66,324.24,179.03,1048,31,3,67,URBANO
96.14,239.72,223.73,165.42,26.73,1049,25,4,434,URBANO
10.93,179.38,317.49,221.55,10.72,1050,35,7,322,URBANO
190.87,253.29,312.72,184.11,211.33,1051,5,8,71,URBANO
19.35,131.38,250.39,125.65,304.25,1052,5,8,498,RURAL
253.48,21.11,273.97,187.15,174.88,1053,25,10,35,RURAL
75.51,74.37,76.66,158.44,32.14,1054,3,3,280,RURAL
181.32,278.03,205.22,314.23,268.42,1055,15,7,277,URBANO
212.45,119.09,83.02,279.72,261.58,1056,13,4,0,URBANO
281.47,264.93,59.12,247.00,161.55,1057,5,6,267,RURAL
32.99,172.71,274.03,136.05,37.20,1058,21,4,223,URBANO
58.30,36.08,174.91,208.81,258.05,1059,7,7,346,URBANO
205.32,138.10,114.98,133.22,276.44,1060,26,8,65,URBANO
91.68,304.22,43.93,63.78,303.77,1061,21,9,88,URBANO
237.06,24.03,302.03,164.92,247.89,1062,3,5,32,RURAL
323.02,292.75,244.72,103.88,231.96,1063,24,1,401,RURAL
65.43,45.04,89.97,102.92,285.20,1064,30,6,45,RURAL
247.57,119.70,57.93,88.42,199.30,1065,14,4,111,URBANO
71.29,257.97,34.16,212.90,269.32,1066,22,3,82,URBANO
19.55,289.15,96.11,212.92,4.95,1067,11,6,371,RURAL
21.23,270.86,186.66,298.39,175.66,1068,14,10,242,RURAL
274.56,44.17,191.64,138.08,80.02,1069,4,4,268,URBANO
86.73,144.42,122.67,192.70,151.00,1070,3,5,359,RURAL
307.12,9.44,235.74,191.97,308.90,1071,26,5,221,URBANO
134.86,222.29,228.65,279.45,227.91,1072,21,6,122,URBANO
134.70,147.45,157.40,299.09,273.97,1073,32,1,429,RURAL
72.35,146.36,205.29,44.84,179.07,1074,34,6,354,URBANO
20.42,270.11,34.32,223.37,74.04,1075,33,8,210,RURAL
111.12,206.52,105.89,40.51,168.27,1076,20,10,67,URBANO
248.01,49.61,197.07,217.71,261.10,1077,23,3,42,RURAL
31.75,13.81,192.32,89.99,187.86,1078,35,10,182,RURAL
308.09,150.12,61.90,246.69,251.75,1079,24,3,151,URBANO
72.25,130.93,107.29,184.09,0.56,1080,24,5,319,URBANO
193.52,73.57,229.18,270.56,281.98,1081,32,9,22,RURAL
62.22,170.59,138.69,22.59,326.16,1082,17,9,218,RURAL
214.77,291.77,250.93,255.24,180.64,1083,14,5,432,URBANO
14.91,189.99,27.56,64.84,44.35,1084,23,3,60,URBANO
319.04,225.05,317.51,78.40,102.90,1085,26,10,145,RURAL
211.42,219.16,267.64,324.39,134.53,1086,29,4,88,RURAL
296.93,122.12,0.45,152.92,186.95,1087,33,10,402,RURAL
89.60,68.04,7.93,58.38,67.66,1088,15,3,433,RURAL
166.94,204.75,136.99,148.95,190.69,1089,25,2,394,RURAL
239.97,21.48,255.28,209.70,162.80,1090,22,3,360,URBANO
69.79,146.53,272.65,123.69,25.54,1091,28,9,353,URBANO
74.30,231.65,7.88,182.79,186.65,1092,31,6,247,RURAL
238.88,217.31,191.09,146.14,228.23,1093,13,10,407,RURAL
37.53,130.19,325.65,141.01,34.92,1094,11,7,434,URBANO
149.94,313.14,32.38,8.41,298.78,1095,26,9,25,RURAL
182.48,201.80,211.84,243.90,143.01,1096,12,10,27,URBANO
23.48,211.73,162.81,227.00,223.97,1097,23,10,256,URBANO
292.86,146.99,316.36,77.61,139.36,1098,18,10,252,URBANO
133.64,29.23,188.17,279.75,64.31,1099,19,1,138,RURAL
266.71,1.13,251.41,285.95,286.78,1100,7,7,120,URBANO
120.71,266.66,102.68,254.33,129.54,1101,12,8,235,RURAL
233.44,301.94,247.58,185.12,197.01,1102,34,5,108,URBANO
126.22,3.53,176.45,160.82,62.57,1103,16,1,173,URBANO
213.23,321.84,202.09,292.69,220.15,1104,34,6,264,RURAL
76.34,82.91,163.38,49.34,269.57,1105,11,5,267,RURAL
227.06,243.15,192.83,83.85,246.36,1106,16,6,18,URBANO
239.66,26.41,19.64,65.67,187.59,1107,34,6,456,RURAL
227.08,72.74,252.21,214.30,68.36,1108,30,10,135,URBANO
87.69,296.78,324.74,80.23,136.28,1109,19,1,215,URBANO
162.71,3.07,35.16,86.87,246.88,1110,9,8,292,URBANO
75.27,71.00,208.93,302.85,304.27,1111,15,9,121,RURAL
198.93,286.02,36.99,248.47,5.31,1112,14,2,413,RURAL
160.37,299.65,78.38,180.13,146.65,1113,0,8,411,RURAL
92.48,79.61,183.98,178.35,236.01,1114,3,7,394,URBANO
45.23,138.10,118.22,271.13,244.62,1115,28,4,328,URBANO
129.70,262.74,105.82,156.80,51.23,1116,1,9,68,RURAL
289.56,192.51,171.35,277.82,310.27,1117,10,9,467,RURAL
277.75,28.07,231.77,182.83,189.86,1118,4,9,116,RURAL
324.10,1.76,79.54,246.59,221.86,1119,33,10,179,URBANO
148.87,180.38,289.94,166.70,29.69,1120,13,5,471,RURAL
160.70,250.41,151.84,79.59,78.06,1121,12,2,410,RURAL
240.03,38.56,230.25,152.81,212.21,1122,15,8,164,URBANO
266.97,176.70,289.81,159.76,116.21,1123,15,6,361,RURAL
136.61,301.36,59.96,273.79,62.80,1124,16,3,162,URBANO
304.90,282.42,42.40,47.00,201.19,1125,26,6,108,URBANO
185.71,307.45,254.60,165.60,201.88,1126,2,4,481,URBANO
311.41,21.73,40.79,83.52,182.15,1127,35,7,17,URBANO
106.80,192.45,227.95,167.06,181.35,1128,15,1,444,URBANO
254.65,126.43,211.48,281.26,56.82,1129,2,3,80,URBANO
145.27,56.11,313.89,194.99,278.57,1130,15,5,290,URBANO
24.72,198.31,272.55,107.21,320.14,1131,12,4,387,URBANO
50.67,218.07,270.08,196.57,84.08,1132,29,1,70,URBANO
222.75,60.07,231.89,314.46,117.65,1133,3,7,103,RURAL
196.04,180.40,208.39,231.99,134.09,1134,19,10,297,URBANO
211.96,155.77,162.82,57.80,134.89,1135,7,1,134,URBANO
70.23,197.79,127.23,35.31,244.07,1136,9,1,247,RURAL
211.59,73.05,299.83,22.72,72.57,1137,21,1,420,URBANO
58.40,243.18,81.33,9.31,227.42,1138,4,8,134,URBANO
124.80,155.90,255.15,20.40,200.04,1139,29,7,356,RURAL
156.57,112.45,104.31,42.38,153.77,1140,23,5,388,URBANO
126.72,59.21,104.91,74.10,309.27,1141,15,6,104,URBANO
123.66,19.13,282.56,142.22,41.56,1142,15,3,83,RURAL
308.08,147.00,216.91,152.85,197.71,1143,29,3,461,URBANO
114.67,42.89,188.97,13.13,149.51,1144,8,9,258,URBANO
44.45,201.23,35.43,160.14,215.37,1145,23,10,337,RURAL
237.47,236.45,308.81,108.42,252.69,1146,13,2,55,URBANO
158.16,84.84,125.55,91.39,251.05,1147,18,8,49,RURAL
300.44,293.72,274.68,323.54,313.14,1148,32,10,149,RURAL
275.52,1.65,264.67,305.17,25.86,1149,1,3,146,RURAL
263.05,272.68,25.45,122.31,97.43,1150,1,4,268,URBANO
74.43,236.37,255.37,46.51,135.13,1151,11,9,108,URBANO
67.15,196.67,315.35,154.21,270.32,1152,20,4,82,URBANO
46.83,148.57,308.86,225.57,1.03,1153,35,3,221,URBANO
58.83,228.83,312.94,32.65,65.49,1154,34,4,405,URBANO
227.20,165.70,71.28,281.56,62.93,1155,4,1,457,RURAL
157.45,150.52,257.86,95.28,264.30,1156,0,6,450,URBANO
13.67,99.00,172.98,66.93,58.22,1157,8,9,98,RURAL
273.37,224.02,117.12,5.17,220.53,1158,24,7,78,RURAL
252.94,180.84,249.24,90.26,25.51,1159,32,1,246,URBANO
40.06,149.23,90.37,212.94,115.83,1160,6,2,104,RURAL
215.74,155.72,104.52,112.72,195.19,1161,34,4,233,URBANO
281.42,74.69,153.56,51.20,16.65,1162,33,10,108,RURAL
91.92,8.65,237.66,174.43,72.38,1163,13,1,163,RURAL
31.74,10.70,180.67,223.61,52.46,1164,7,9,314,URBANO
327.62,265.44,71.51,171.04,240.90,1165,16,7,215,URBANO
234.47,65.02,87.12,214.98,71.45,1166,30,4,208,RURAL
53.39,114.86,94.76,35.63,149.62,1167,0,1,23,RURAL
186.60,128.29,276.15,65.49,17.83,1168,2,4,200,RURAL
42.94,53.96,244.58,165.24,254.57,1169,19,5,57,RURAL
273.01,74.52,92.31,118.91,294.15,1170,4,3,323,URBANO
323.27,108.90,99.32,180.11,243.30,1171,10,7,500,URBANO
222.87,93.07,288.84,304.34,133.71,1172,11,3,193,RURAL
217.00,190.74,322.64,13.47,108.78,1173,32,7,54,RURAL
269.25,63.05,169.18,7.16,72.76,1174,12,5,182,URBANO
293.31,305.89,316.01,95.32,101.09,1175,6,3,418,RURAL
5.79,235.21,254.18,8.09,235.81,1176,34,2,479,RURAL
313.36,95.84,292.72,322.98,232.86,1177,31,6,373,RURAL
28.79,162.15,255.98,20.88,161.55,1178,32,2,9,RURAL
220.53,230.00,166.45,159.28,262.71,1179,20,9,401,URBANO
269.30,155.32,292.94,46.73,173.20,1180,16,6,208,RURAL
315.72,273.35,135.81,18.12,86.23,1181,7,8,126,RURAL
43.26,96.43,83.96,172.99,176.35,1182,35,1,402,URBANO
25.14,131.65,187.21,79.15,67.65,1183,9,6,335,URBANO
145.95,277.32,258.98,276.99,103.22,1184,25,7,73,URBANO
29.25,24.73,86.23,292.25,270.07,1185,6,4,470,URBANO
100.94,115.90,177.03,49.62,186.42,1186,35,10,453,URBANO
29.61,285.77,127.54,54.31,269.00,1187,8,4,431,RURAL
35.15,166.07,229.83,206.68,177.82,1188,34,3,312,URBANO
0.45,136.87,267.07,189.05,259.58,1189,34,10,474,URBANO
107.31,213.77,320.33,50.84,310.15,1190,2,5,479,URBANO
85.65,211.36,155.73,209.51,23.50,1191,4,8,339,URBANO
153.22,296.54,211.99,117.95,163.81,1192,21,6,50,URBANO
256.57,315.04,326.16,84.65,286.54,1193,28,7,406,URBANO
94.65,138.48,177.21,248.57,249.99,1194,8,5,206,RURAL
253.08,116.33,309.82,233.50,146.69,1195,11,5,327,RURAL
18.64,34.80,218.14,120.11,31.65,1196,35,10,336,URBANO
110.61,300.45,188.98,14.54,9.77,1197,16,10,195,URBANO
168.31,251.21,16.95,312.74,210.43,1198,6,10,367,URBANO
132.83,154.18,46.28,11.52,109.40,1199,2,5,420,URBANO
29.30,155.97,70.99,9.53,89.03,1200,29,1,384,URBANO
148.06,12.91,259.15,269.29,209.55,1201,5,7,492,URBANO
318.00,167.02,6.96,188.08,219.13,1202,17,4,202,URBANO
18.20,124.22,231.60,237.99,8.98,1203,22,10,287,URBANO
227.02,38.05,90.99,28.73,55.30,1204,18,4,494,URBANO
138.79,121.85,216.71,50.43,143.52,1205,2,8,101,RURAL
186.12,146.08,291.56,57.43,278.17,1206,5,7,263,URBANO
311.05,117.02,255.10,193.38,234.66,1207,3,5,499,URBANO
27.90,150.41,56.70,159.17,240.92,1208,0,6,323,RURAL
216.14,24.53,315.60,299.78,76.97,1209,26,2,422,RURAL
32.28,207.18,311.01,256.94,3.95,1210,4,5,58,RURAL
73.38,149.33,144.68,191.06,229.77,1211,27,4,295,URBANO
239.23,303.61,216.37,6.15,295.47,1212,21,9,214,URBANO
49.61,205.13,70.59,267.64,314.18,1213,24,5,217,URBANO
37.00,291.41,238.42,6.63,182.54,1214,24,10,409,RURAL
8.28,273.27,36.10,307.81,211.50,1215,29,2,172,URBANO
0.72,19.51,101.06,186.96,326.89,1216,8,8,253,URBANO
76.36,55.62,201.14,159.06,18.06,1217,17,8,133,URBANO
166.76,52.81,38.92,209.57,311.70,1218,23,6,469,RURAL
255.08,186.92,323.94,282.24,42.00,1219,30,8,389,URBANO
128.82,7.94,228.73,71.77,183.25,1220,24,8,435,URBANO
173.50,97.87,101.07,79.03,251.74,1221,18,8,209,RURAL
37.05,293.08,11.83,7.66,126.81,1222,24,5,279,RURAL
258.60,158.80,87.69,58.96,94.27,1223,3,4,86,URBANO
258.85,295.59,155.76,325.05,61.36,1224,28,8,42,RURAL
163.80,15.67,305.91,79.06,111.42,1225,4,9,221,URBANO
12.57,29.65,286.36,211.82,164.91,1226,27,7,487,URBANO
272.43,327.49,70.21,292.48,273.08,1227,25,6,442,RURAL
280.90,219.08,259.06,181.82,199.35,1228,32,6,196,URBANO
158.36,125.49,260.86,45.69,214.74,1229,7,7,256,URBANO
32.21,61.63,182.29,17.81,189.21,1230,24,9,144,URBANO
287.47,188.69,265.45,322.49,68.06,1231,14,3,68,URBANO
17.59,87.97,50.09,200.33,196.29,1232,10,10,376,RURAL
213.74,316.08,205.70,301.36,120.01,1233,15,2,167,RURAL
19.39,141.55,149.22,125.38,30.91,1234,10,8,480,RURAL
205.18,246.10,30.94,143.26,59.08,1235,32,3,323,URBANO
103.19,226.84,75.96,97.56,303.57,1236,33,1,106,RURAL
255.99,153.42,101.14,19.62,8.48,1237,9,1,270,RURAL
3.63,289.76,314.43,310.41,32.28,1238,5,4,49,URBANO
323.94,102.07,284.83,274.62,214.50,1239,23,8,78,URBANO
305.86,151.15,209.09,115.74,315.66,1240,34,9,364,RURAL
77.04,79.52,153.13,223.42,86.32,1241,18,6,223,URBANO
209.61,240.74,319.10,307.86,77.25,1242,32,7,500,RURAL
59.50,207.07,301.91,158.95,317.42,1243,30,3,257,RURAL
218.63,139.97,70.00,113.54,43.58,1244,20,8,416,URBANO
27.97,192.58,119.35,276.52,174.11,1245,11,4,28,RURAL
222.60,21.54,43.46,247.32,291.76,1246,5,5,42,RURAL
193.88,233.16,137.17,132.56,154.60,1247,26,9,188,RURAL
199.21,95.65,282.64,242.60,275.46,1248,29,4,63,RURAL
248.72,141.48,316.07,207.21,149.40,1249,24,8,220,URBANO
107.89,238.99,2.36,323.77,106.39,1250,30,1,17,URBANO
20.16,307.61,208.41,59.51,215.30,1251,30,6,340,URBANO
275.34,247.42,149.07,24.69,15.42,1252,5,4,467,RURAL
41.68,226.58,198.90,68.16,105.83,1253,6,4,66,URBANO
299.47,160.91,28.81,205.30,74.14,1254,9,3,425,URBANO
248.00,37.96,218.97,3.79,207.19,1255,22,10,433,RURAL
138.78,227.40,273.12,17.67,46.33,1256,27,5,162,RURAL
143.90,30.80,56.99,152.02,238.88,1257,2,10,336,URBANO
186.29,32.11,269.88,154.13,186.77,1258,14,1,46,RURAL
88.30,253.75,93.34,287.79,68.90,1259,7,10,86,URBANO
238.11,92.90,149.26,264.20,88.12,1260,2,7,425,RURAL
2.80,243.69,55.87,147.77,304.86,1261,13,7,295,URBANO
75.85,139.88,163.38,102.77,65.77,1262,28,3,364,RURAL
37.07,102.61,191.40,87.04,130.65,1263,26,1,67,URBANO
212.37,151.24,229.52,38.91,252.36,1264,18,6,75,URBANO
18.96,70.09,202.39,74.32,301.54,1265,9,2,60,RURAL
237.40,120.76,74.99,300.18,14.04,1266,25,2,168,URBANO
87.82,324.20,197.27,101.11,187.60,1267,33,8,226,URBANO
246.33,211.82,122.87,297.15,290.77,1268,14,6,316,RURAL
205.50,146.00,54.39,93.59,250.91,1269,25,5,261,RURAL
66.18,198.17,281.39,97.38,112.43,1270,29,5,410,URBANO
304.85,96.65,174.56,258.82,35.56,1271,18,2,477,RURAL
278.50,36.86,146.32,233.72,129.52,1272,8,1,194,URBANO
312.44,76.57,110.34,73.17,77.34,1273,23,5,452,URBANO
245.99,306.12,12.80,125.75,279.45,1274,33,7,436,RURAL
40.41,245.23,234.71,291.21,250.56,1275,9,8,15,URBANO
21.35,304.79,175.83,168.03,102.07,1276,7,9,231,URBANO
74.58,190.99,96.88,260.85,82.75,1277,1,4,143,URBANO
138.06,99.37,87.97,177.69,116.57,1278,8,8,92,RURAL
106.79,207.87,16.58,28.68,191.43,1279,4,10,415,URBANO
295.42,287.27,67.15,198.22,112.55,1280,9,9,61,RURAL
43.70,233.75,21.83,8.93,63.22,1281,27,9,78,URBANO
154.81,64.93,58.48,8.94,146.88,1282,3,10,155,URBANO
253.90,236.43,322.14,47.00,198.89,1283,33,6,406,URBANO
117.04,73.38,182.26,286.96,74.71,1284,33,6,328,URBANO
25.25,327.22,193.60,170.27,189.91,1285,7,3,391,URBANO
35.76,181.83,276.64,287.37,320.19,1286,6,9,407,URBANO
195.72,160.61,242.12,173.69,55.14,1287,0,7,387,URBANO
199.50,265.18,65.59,68.87,202.95,1288,6,8,14,RURAL
167.83,201.80,176.27,206.02,60.35,1289,14,10,37,RURAL
162.79,276.19,131.71,94.16,13.89,1290,18,9,184,URBANO
140.77,295.19,308.55,84.14,21.93,1291,10,1,449,RURAL
98.35,96.97,31.55,110.03,223.80,1292,9,9,329,URBANO
87.19,62.49,90.25,214.29,26.12,1293,17,8,487,RURAL
108.59,156.76,247.02,326.41,317.97,1294,0,5,385,RURAL
222.37,77.16,92.68,154.19,125.73,1295,1,2,476,RURAL
316.11,9.54,103.13,288.23,16.34,1296,7,5,402,RURAL
90.19,71.19,295.70,230.50,219.82,1297,30,6,282,RURAL
245.08,73.69,210.60,231.91,53.74,1298,22,8,276,RURAL
26.84,13.66,130.02,245.06,75.90,1299,32,7,119,URBANO
201.48,129.09,80.13,301.18,94.73,1300,23,5,184,RURAL
207.87,175.21,247.12,127.46,76.67,1301,33,8,61,URBANO
277.84,240.98,287.23,29.60,77.44,1302,5,2,55,URBANO
236.90,233.30,195.40,157.89,71.70,1303,33,9,84,URBANO
9.23,26.82,91.82,264.87,181.48,1304,6,5,428,URBANO
120.19,210.34,92.91,2.39,327.20,1305,19,3,14,URBANO
205.50,293.00,322.77,123.46,109.19,1306,6,7,155,RURAL
51.73,238.92,205.23,89.03,296.77,1307,21,3,409,URBANO
249.70,56.07,169.78,183.78,182.71,1308,3,10,248,RURAL
269.18,43.00,237.81,119.26,98.42,1309,34,6,336,URBANO
191.77,36.98,28.99,32.71,17.05,1310,33,9,97,URBANO
265.20,35.56,29.92,235.93,12.30,1311,20,5,438,URBANO
140.31,140.35,161.87,187.03,175.84,1312,22,1,435,RURAL
33.84,7.39,148.24,293.59,274.79,1313,5,5,83,URBANO
261.51,78.22,85.76,325.65,282.53,1314,35,1,139,URBANO
93.33,22.71,233.54,178.55,273.19,1315,10,6,18,URBANO
84.71,241.41,161.36,312.12,116.40,1316,28,4,116,RURAL
145.08,91.41,138.05,81.77,186.00,1317,21,2,216,RURAL
240.58,75.28,56.52,194.42,142.17,1318,31,9,268,URBANO
253.81,152.42,23.79,135.15,37.56,1319,21,7,16,URBANO
161.39,18.94,150.86,92.15,134.19,1320,1,7,22,RURAL
298.70,93.55,205.91,317.62,83.43,1321,16,3,52,RURAL
195.57,83.24,90.79,183.66,255.95,1322,31,5,190,URBANO
60.95,1.95,0.09,129.93,179.59,1323,32,7,220,RURAL
202.83,272.67,17.99,4.83,159.42,1324,21,10,481,URBANO
127.79,187.41,317.05,149.02,76.85,1325,8,8,301,URBANO
154.82,120.98,115.84,89.14,205.07,1326,7,4,429,URBANO
55.90,262.82,84.26,154.44,260.74,1327,12,4,110,RURAL
0.58,74.15,280.90,124.07,76.79,1328,15,9,203,URBANO
63.03,183.78,132.76,275.58,129.02,1329,3,3,80,URBANO
22.03,143.45,214.37,228.49,291.20,1330,34,10,307,URBANO
229.35,85.75,221.93,309.27,275.73,1331,5,8,342,RURAL
302.17,43.03,93.09,326.04,131.22,1332,10,7,39,RURAL
84.29,203.99,286.76,314.28,299.28,1333,15,5,445,RURAL
102.38,142.76,150.29,32.29,233.62,1334,16,7,156,RURAL
113.46,286.20,137.20,75.91,92.58,1335,11,3,145,URBANO
186.15,104.79,74.48,12.15,161.54,1336,28,5,202,RURAL
101.01,71.29,262.52,10.86,263.20,1337,17,3,156,URBANO
203.42,265.13,100.91,191.65,304.15,1338,16,8,249,URBANO
303.11,296.38,158.20,292.64,283.35,1339,21,2,492,URBANO
0.72,218.52,312.42,62.31,7.49,1340,29,8,227,RURAL
292.19,133.97,213.60,88.32,248.70,1341,22,1,262,RURAL
24.15,12.07,230.12,16.61,117.76,1342,31,10,348,URBANO
214.45,179.03,51.52,103.19,14.10,1343,25,10,9,URBANO
209.49,276.10,96.48,65.76,321.73,1344,26,5,287,URBANO
228.51,171.59,142.75,326.22,121.80,1345,31,5,452,URBANO
105.52,17.51,177.72,173.81,291.02,1346,13,10,219,RURAL
160.30,176.63,176.60,316.32,278.26,1347,25,9,318,RURAL
86.91,124.73,216.36,96.40,233.70,1348,10,6,499,URBANO
22.69,81.13,177.30,164.65,73.06,1349,4,10,255,RURAL
157.51,226.29,31.57,163.97,220.16,1350,26,1,290,URBANO
256.94,263.71,260.06,202.16,277.41,1351,18,6,444,URBANO
41.83,173.86,296.68,79.92,272.45,1352,9,6,333,URBANO
36.45,305.17,271.75,82.09,293.48,1353,23,8,444,RURAL
261.68,259.43,253.45,52.15,140.23,1354,24,4,350,RURAL
309.40,40.37,100.83,146.51,149.01,1355,11,4,309,RURAL
42.82,261.99,189.96,121.50,113.62,1356,14,5,28,URBANO
96.82,128.29,126.09,193.63,141.59,1357,31,8,279,RURAL
126.31,51.50,159.05,71.35,61.57,1358,27,6,249,RURAL
71.21,123.97,127.50,138.09,138.96,1359,13,4,452,RURAL
217.53,193.15,195.26,84.10,213.33,1360,16,3,444,RURAL
320.60,323.46,272.03,216.99,88.73,1361,33,2,437,RURAL
254.40,319.57,287.34,75.61,140.58,1362,17,5,257,RURAL
93.52,134.16,220.57,283.90,243.19,1363,0,6,438,URBANO
31.99,274.06,276.39,147.83,170.87,1364,21,3,287,URBANO
239.66,82.67,200.59,201.97,63.12,1365,5,3,468,URBANO
201.64,293.67,67.75,327.61,324.08,1366,23,2,319,RURAL
265.81,326.47,291.55,209.13,246.77,1367,8,10,65,URBANO
155.89,19.01,256.28,312.75,261.45,1368,31,7,176,URBANO
292.43,284.16,53.81,272.39,101.09,1369,0,2,152,RURAL
78.54,132.68,52.59,26.39,219.61,1370,7,1,103,URBANO
195.30,3.62,48.58,259.90,252.60,1371,5,6,121,URBANO
142.97,234.48,178.22,247.86,291.70,1372,8,2,2,URBANO
79.99,81.26,115.52,87.15,202.81,1373,20,6,361,RURAL
145.98,212.53,123.12,302.91,307.75,1374,19,7,173,RURAL
165.51,87.33,129.77,54.54,317.23,1375,28,2,435,RURAL
292.47,97.17,189.15,69.98,253.00,1376,35,1,443,RURAL
73.88,176.04,36.48,201.31,58.08,1377,29,9,331,URBANO
70.92,123.19,315.24,224.86,206.03,1378,26,4,248,URBANO
267.68,30.74,67.89,250.79,269.24,1379,35,2,252,RURAL
165.33,7.89,118.87,178.75,202.37,1380,35,3,9,URBANO
190.96,90.39,220.85,135.80,126.99,1381,23,10,5,URBANO
228.24,47.10,260.75,75.14,15.68,1382,6,1,110,URBANO
49.97,58.73,182.68,125.51,293.48,1383,14,7,254,URBANO
155.14,196.60,76.25,75.78,241.16,1384,4,2,319,URBANO
283.87,176.26,100.27,251.83,153.63,1385,20,9,102,URBANO
61.68,146.60,285.69,117.64,133.05,1386,30,8,352,RURAL
210.05,226.84,243.18,111.26,80.03,1387,15,7,328,URBANO
225.76,290.61,270.42,192.59,315.29,1388,0,7,90,URBANO
222.54,265.37,310.10,272.37,201.88,1389,7,10,260,URBANO
149.87,305.21,161.69,267.36,314.10,1390,25,10,57,URBANO
156.68,77.35,30.15,247.64,70.22,1391,3,5,335,RURAL
249.60,306.78,67.06,101.83,51.93,1392,20,3,108,URBANO
27.45,129.35,217.28,236.26,291.68,1393,29,10,467,URBANO
41.17,110.28,190.22,19.73,255.08,1394,6,2,25,RURAL
174.62,213.35,211.48,87.43,304.74,1395,14,7,358,RURAL
318.38,87.85,58.60,85.33,322.25,1396,14,3,299,RURAL
24.13,204.29,108.05,4.04,120.29,1397,20,3,474,RURAL
141.78,111.06,288.02,123.94,184.12,1398,33,1,298,URBANO
52.42,66.82,141.10,190.57,78.67,1399,9,3,12,RURAL
217.42,265.24,277.00,89.00,191.70,1400,33,8,327,URBANO
168.75,214.13,140.46,151.89,189.76,1401,17,9,412,RURAL
48.56,307.56,115.16,112.24,122.21,1402,18,5,207,RURAL
286.12,62.78,169.24,260.00,134.20,1403,30,6,369,URBANO
39.74,129.94,293.99,88.98,122.45,1404,31,8,81,RURAL
152.68,44.94,127.01,45.10,254.58,1405,22,6,60,URBANO
300.07,181.19,173.99,51.37,240.52,1406,33,9,259,RURAL
11.89,161.81,159.48,278.55,110.25,1407,35,5,482,URBANO
148.05,81.39,235.79,158.84,174.24,1408,15,3,453,URBANO
91.29,176.98,116.56,187.41,15.23,1409,7,10,402,RURAL
265.31,154.39,38.87,300.32,317.24,1410,13,7,264,URBANO
74.76,33.77,161.88,28.44,188.59,1411,15,5,179,RURAL
167.07,103.76,265.12,2.46,136.08,1412,35,3,465,URBANO
128.04,128.22,270.39,50.02,265.34,1413,15,8,252,URBANO
126.45,270.93,198.85,104.02,65.46,1414,1,7,204,RURAL
143.38,54.03,180.53,75.86,311.15,1415,17,9,396,RURAL
129.54,301.30,178.94,174.52,165.53,1416,11,9,469,URBANO
69.84,80.65,1.63,114.93,243.15,1417,31,8,460,URBANO
2.69,243.70,68.54,275.88,301.38,1418,8,5,79,RURAL
243.94,183.21,69.77,257.53,9.85,1419,15,10,202,URBANO
181.49,184.85,279.27,165.69,20.51,1420,19,10,359,URBANO
6.14,210.88,115.57,319.71,208.52,1421,7,1,59,RURAL
239.64,266.19,287.68,313.10,170.74,1422,0,7,206,RURAL
210.95,181.28,101.74,62.36,87.89,1423,34,5,258,RURAL
4.07,119.76,250.32,161.99,48.06,1424,29,10,409,RURAL
78.73,274.80,55.96,33.62,80.65,1425,10,7,316,RURAL
170.88,180.95,226.47,112.80,233.18,1426,18,5,209,RURAL
218.98,183.27,290.42,222.02,18.87,1427,14,1,68,URBANO
255.82,316.80,148.27,17.03,48.80,1428,27,3,22,URBANO
26.90,193.88,220.74,271.94,209.10,1429,19,4,186,URBANO
31.68,5.57,127.66,237.38,68.85,1430,11,10,95,RURAL
152.74,172.29,325.60,73.12,166.92,1431,17,3,3,URBANO
311.28,120.68,237.20,280.50,164.52,1432,11,8,59,RURAL
279.51,260.65,141.43,171.34,28.15,1433,20,5,485,URBANO
54.66,65.06,113.36,83.85,206.92,1434,10,6,136,URBANO
324.45,326.13,167.95,162.78,72.89,1435,7,10,310,URBANO
170.46,186.91,172.76,132.32,235.51,1436,32,8,437,RURAL
303.29,72.47,195.99,229.46,11.78,1437,34,2,468,URBANO
116.58,126.43,244.56,29.44,317.12,1438,12,3,328,URBANO
312.71,117.76,209.53,72.88,271.32,1439,12,9,176,RURAL
159.67,143.39,165.45,14.97,136.39,1440,8,2,283,RURAL
238.92,54.17,270.73,71.81,57.97,1441,20,4,182,RURAL
192.13,44.31,87.26,27.16,187.29,1442,3,5,218,URBANO
70.26,112.18,67.94,279.43,193.83,1443,25,9,472,URBANO
72.40,225.88,37.59,208.89,158.76,1444,3,6,243,RURAL
223.47,91.04,92.09,300.02,47.20,1445,20,5,265,RURAL
68.53,2.80,7.25,68.28,15.32,1446,0,1,403,RURAL
74.86,80.09,161.22,316.00,279.28,1447,28,2,65,URBANO
217.93,138.94,116.50,194.48,17.15,1448,23,9,199,RURAL
153.80,115.72,214.32,116.59,291.41,1449,0,5,274,RURAL
215.35,240.74,25.78,228.08,312.80,1450,15,3,412,RURAL
83.14,319.79,216.53,91.64,190.70,1451,11,4,263,URBANO
128.34,27.03,205.73,203.45,133.99,1452,11,4,494,RURAL
187.86,119.79,191.84,280.38,81.57,1453,26,4,480,URBANO
297.14,311.79,96.78,141.44,242.45,1454,13,7,395,RURAL
142.91,135.66,170.50,236.72,276.53,1455,19,10,478,URBANO
12.87,84.33,249.11,300.50,175.85,1456,9,4,76,URBANO
150.97,173.66,131.49,138.76,242.30,1457,35,2,470,RURAL
172.58,60.29,259.19,212.15,257.04,1458,12,9,397,URBANO
146.99,36.93,235.70,135.12,142.13,1459,21,1,239,URBANO
54.96,83.23,240.20,36.45,134.91,1460,19,5,375,URBANO
110.13,219.22,187.06,256.62,37.16,1461,0,3,115,RURAL
195.25,70.41,265.15,142.56,325.55,1462,16,3,266,URBANO
273.40,294.16,20.50,1.82,158.31,1463,28,10,127,URBANO
19.66,265.41,42.86,239.65,238.56,1464,10,3,99,URBANO
283.33,218.99,259.37,43.78,231.41,1465,12,5,150,URBANO
89.25,165.26,86.93,36.65,269.32,1466,34,6,371,RURAL
233.26,123.64,30.38,94.08,100.73,1467,12,3,332,URBANO
164.66,288.01,279.89,156.52,66.15,1468,6,7,417,URBANO
253.17,98.63,34.86,262.38,34.48,1469,13,6,378,RURAL
96.06,266.89,247.88,318.47,47.72,1470,16,8,56,RURAL
326.63,295.08,195.19,138.10,91.39,1471,15,10,5,RURAL
24.70,289.99,40.27,27.56,36.82,1472,8,4,27,RURAL
239.40,66.25,315.09,143.55,56.47,1473,22,8,122,RURAL
61.37,227.90,103.37,148.49,290.18,1474,4,10,43,URBANO
261.61,325.59,61.03,251.52,2.18,1475,6,4,3,RURAL
322.33,116.08,98.76,16.04,76.89,1476,13,2,299,RURAL
139.73,90.27,199.61,305.72,311.70,1477,26,3,495,RURAL
158.25,324.07,226.17,82.56,258.63,1478,22,3,276,URBANO
47.69,264.35,206.43,217.85,197.96,1479,2,5,135,URBANO
314.78,107.99,189.17,5.16,269.38,1480,18,3,340,RURAL
76.63,102.33,249.76,220.72,160.88,1481,23,5,346,URBANO
226.13,1.79,140.83,136.22,90.92,1482,14,7,223,URBANO
229.18,196.98,18.90,31.27,106.84,1483,7,8,454,RURAL
90.06,155.48,8.28,28.19,259.98,1484,9,10,435,URBANO
125.53,34.42,297.41,109.34,38.09,1485,11,6,404,RURAL
111.27,174.26,182.99,309.90,249.31,1486,15,10,74,RURAL
199.35,265.07,238.76,206.66,116.54,1487,33,10,306,RURAL
121.83,89.53,28.31,276.80,255.89,1488,35,5,462,RURAL
12.90,274.01,60.29,272.39,57.99,1489,19,7,50,URBANO
281.87,106.47,38.87,308.28,109.46,1490,1,1,176,RURAL
53.14,228.19,163.57,185.51,7.74,1491,21,1,56,RURAL
59.55,76.18,326.16,124.46,64.50,1492,18,1,50,URBANO
64.30,7.73,75.25,202.33,264.37,1493,29,9,460,RURAL
188.43,81.34,119.44,266.45,82.94,1494,9,8,303,RURAL
131.29,53.00,213.71,213.88,78.54,1495,30,3,325,URBANO
204.69,160.96,60.80,25.41,318.86,1496,24,2,491,URBANO
258.71,263.33,297.54,311.70,237.03,1497,35,2,418,RURAL
195.93,231.59,290.68,199.20,33.34,1498,2,7,84,RURAL
109.59,229.17,80.14,108.06,137.18,1499,29,3,133,RURAL
112.64,244.21,66.98,155.26,42.94,1500,1,7,147,RURAL
